genotype	HEADER_SHAPES	area	hull-area	solidity	perimeter	width	height	longest_axis	center-of-mass-x	center-of-mass-y	hull_vertices	in_bounds	ellipse_center_x	ellipse_center_y	ellipse_major_axis	ellipse_minor_axis	ellipse_angle	ellipse_eccentricity	marker_area
ht-QQ74-48	SHAPES_DATA	2860.0	2902.5	0.9853574504737296	238.00714027881622	64	62	454	2951.675874125874	2570.692657342657	25	True	2951.70703125	2570.77880859375	61.70134353637695	57.70045471191406	57.976898193359375	0.3542330305853422	68169.0
ht-QQ74-48	SHAPES_DATA	3671.0	3712.0	0.9889547413793104	253.27921843528748	70	73	515	1852.116589485154	2569.150367747208	32	True	1852.11767578125	2569.18310546875	70.89275360107422	64.89620971679688	154.31275939941406	0.40251391539878595	68169.0
ht-QQ74-48	SHAPES_DATA	3725.0	3885.0	0.9588159588159588	308.67618703842163	72	76	479	649.6805369127517	2516.378791946309	28	True	649.7700805664062	2516.643310546875	72.54550170898438	65.5319595336914	7.095584392547607	0.42896278333215115	68169.0
ht-QQ74-48	SHAPES_DATA	3630.0	3708.0	0.9789644012944984	265.76449966430664	76	67	523	530.3754820936639	2440.593663911846	27	True	530.4002075195312	2440.54296875	71.08403778076172	63.4975700378418	99.78495025634766	0.4495112599359526	68169.0
ht-QQ74-48	SHAPES_DATA	3532.0	3596.5	0.9820658974002503	255.66399443149567	70	72	518	2421.5438844847113	2414.446489241223	29	True	2421.46826171875	2414.401611328125	71.7905502319336	61.47214126586914	135.96871948242188	0.5165274148127658	68169.0
ht-QQ74-48	SHAPES_DATA	910.0	939.0	0.9691160809371672	135.1959581375122	35	39	295	953.4593406593407	2363.0934065934066	21	True	953.465576171875	2363.333251953125	40.82974624633789	27.950206756591797	32.79295349121094	0.7289612185711939	68169.0
ht-QQ74-48	SHAPES_DATA	4199.0	4370.5	0.9607596384852992	289.7056245803833	81	74	560	3833.5241724220054	2375.7277923315073	24	True	3833.5439453125	2375.804443359375	79.04380798339844	67.35700988769531	128.5594940185547	0.5233011239674714	68169.0
ht-QQ74-48	SHAPES_DATA	3361.0	3452.5	0.9734974656046343	244.00714027881622	67	72	465	3624.0785480511754	2364.575126450461	26	True	3624.0087890625	2364.70654296875	69.92904663085938	60.291725158691406	154.7058868408203	0.5065947655828441	68169.0
ht-QQ74-48	SHAPES_DATA	3615.0	3719.0	0.9720354934122076	273.0782079696655	72	69	512	1237.09377593361	2327.49571230982	24	True	1237.2161865234375	2327.600830078125	69.76409149169922	64.90159606933594	69.74740600585938	0.3667973050762259	68169.0
ht-QQ74-48	SHAPES_DATA	4289.0	4353.5	0.9851843344435511	277.0782079696655	78	71	539	892.2851480531592	2290.8610398694336	28	True	892.33837890625	2290.851318359375	76.2776107788086	70.05494689941406	70.93519592285156	0.39560481778845946	68169.0
ht-QQ74-48	SHAPES_DATA	4031.0	4068.0	0.9909046214355949	256.1076455116272	75	73	540	1391.93351525676	2275.978665343587	26	True	1391.87158203125	2275.982666015625	74.42671966552734	67.75677490234375	132.408447265625	0.413767935718915	68169.0
ht-QQ74-48	SHAPES_DATA	3034.0	3067.0	0.9892402999673948	231.86500489711761	64	65	455	2117.2284113381675	2242.143045484509	28	True	2117.198974609375	2242.1640625	62.60376739501953	60.218936920166016	22.616214752197266	0.27338055129021466	68169.0
ht-QQ74-48	SHAPES_DATA	4990.0	5166.5	0.9658376076647633	307.22034335136414	88	84	625	3227.696993987976	2192.6194388777553	24	True	3227.679443359375	2192.62744140625	83.27629089355469	75.97381591796875	134.68634033203125	0.40949964658627647	68169.0
ht-QQ74-48	SHAPES_DATA	3164.0	3270.0	0.9675840978593272	259.1787132024765	63	71	503	3512.437737041719	1999.2945638432363	20	True	3512.4677734375	1999.48974609375	68.92008972167969	58.11696243286133	160.00631713867188	0.5375193665132096	68169.0
ht-QQ74-48	SHAPES_DATA	4058.0	4133.0	0.9818533752721994	276.634556889534	72	79	567	2702.4398718580583	1975.9457861015278	29	True	2702.436767578125	1975.9342041015625	78.1600341796875	64.8900375366211	146.83970642089844	0.5574356061762537	68169.0
ht-QQ74-48	SHAPES_DATA	3667.0	3729.0	0.9833735585947976	255.76449966430664	68	71	519	2077.329970002727	1965.8862830651758	25	True	2077.272705078125	1965.9276123046875	73.22676849365234	62.50246810913086	148.3990936279297	0.5210163104204255	68169.0
ht-QQ74-48	SHAPES_DATA	3063.0	3101.5	0.9875866516201838	226.30865597724915	63	64	459	919.5200783545544	1929.2308194580476	23	True	919.5457763671875	1929.2978515625	63.96383285522461	59.62627029418945	28.404327392578125	0.3619763891412897	68169.0
ht-QQ74-48	SHAPES_DATA	4009.0	4182.0	0.9586322333811573	270.97770273685455	75	79	558	2687.5597405836866	1884.0591169867798	25	True	2687.59716796875	1884.1663818359375	77.31036376953125	65.77229309082031	150.8759765625	0.5255600903765322	68169.0
ht-QQ74-48	SHAPES_DATA	3440.0	3512.5	0.9793594306049822	243.86500489711761	70	68	489	3278.5648255813953	1816.3822674418604	22	True	3278.5966796875	1816.401123046875	67.26811218261719	63.73483657836914	52.827980041503906	0.31983062981969584	68169.0
ht-QQ74-48	SHAPES_DATA	3831.0	3883.0	0.9866082925573011	251.37972366809845	73	67	470	1206.7789089010703	1782.1748890629078	24	True	1206.751220703125	1782.189453125	71.4354248046875	66.81327819824219	75.3310546875	0.35386593675441974	68169.0
ht-QQ74-48	SHAPES_DATA	923.0	905.0	1.0198895027624308	117.39696860313416	36	34	272	725.36511375948	1752.61105092091	18	True	725.3175659179688	1752.6673583984375	37.383872985839844	30.22648048400879	55.34235763549805	0.58843666814612	68169.0
ht-QQ74-48	SHAPES_DATA	3777.0	3835.5	0.9847477512710208	256.83556735515594	69	75	530	1511.3674874238814	1732.3616626952607	25	True	1511.4482421875	1732.43310546875	73.33004760742188	64.35545349121094	161.17578125	0.4793685590140114	68169.0
ht-QQ74-48	SHAPES_DATA	3079.0	3164.5	0.9729815136672461	240.45079135894775	67	68	469	2464.46346216304	1698.0519649236765	25	True	2464.656982421875	1698.123046875	64.67715454101562	59.85673141479492	129.5096435546875	0.3788222207867416	68169.0
ht-QQ74-48	SHAPES_DATA	3816.0	3977.5	0.9593966059082338	271.66399443149567	77	74	551	3807.504454926625	1675.0817610062893	20	True	3807.69189453125	1675.303466796875	76.31095886230469	63.27065658569336	132.097900390625	0.559076231165738	68169.0
ht-QQ74-48	SHAPES_DATA	3500.0	3611.5	0.9691264017721168	250.20815074443817	72	66	493	2803.425714285714	1625.9831428571429	26	True	2803.433837890625	1626.025634765625	68.7609634399414	63.9153938293457	101.03142547607422	0.3687459294587707	68169.0
ht-QQ74-48	SHAPES_DATA	2978.0	3097.0	0.9615757184371972	255.07820796966553	63	65	462	1151.5758898589656	1561.6067830758898	22	True	1151.770263671875	1561.5465087890625	65.16764068603516	57.2968635559082	19.595035552978516	0.4764111571041271	68169.0
ht-QQ74-48	SHAPES_DATA	2935.0	2995.0	0.9799666110183639	229.722869515419	62	65	451	1630.0340715502555	1560.4896081771722	22	True	1630.05419921875	1560.4412841796875	64.71446228027344	56.50663757324219	143.61871337890625	0.4874182650423281	68169.0
ht-QQ74-48	SHAPES_DATA	4764.0	4945.5	0.9632999696693965	312.04877042770386	87	79	605	413.8551637279597	1526.5715785054576	25	True	413.9063415527344	1526.6734619140625	80.15152740478516	74.76461029052734	77.16529846191406	0.36041816746367317	68169.0
ht-QQ74-48	SHAPES_DATA	3094.0	3135.5	0.9867644713761761	230.20815074443817	64	66	463	2230.9217840982546	1501.1215255332902	27	True	2230.899169921875	1501.169677734375	63.7916145324707	60.826107025146484	140.87403869628906	0.3013532108529253	68169.0
ht-QQ74-48	SHAPES_DATA	3824.0	3870.0	0.9881136950904392	252.69343197345734	72	72	491	3031.225679916318	1503.8221757322176	28	True	3031.205322265625	1503.8651123046875	69.15074157714844	69.0111083984375	69.88343811035156	0.06351722856908265	68169.0
ht-QQ74-48	SHAPES_DATA	2854.0	2896.5	0.9853271189366477	229.48022890090942	62	61	445	917.2782060266293	1487.5483531885075	27	True	917.2804565429688	1487.6163330078125	62.98640823364258	56.451454162597656	130.78778076171875	0.4435529144735749	68169.0
ht-QQ74-48	SHAPES_DATA	3900.0	4042.5	0.9647495361781077	300.3330411911011	76	80	567	3270.7715384615385	1494.7789743589744	30	True	3270.72216796875	1494.716064453125	73.06365966796875	69.08605194091797	174.76168823242188	0.32544870299593626	68169.0
ht-QQ74-48	SHAPES_DATA	3130.0	3166.5	0.9884730775303964	227.722869515419	62	66	467	1769.5690095846646	1388.3728434504792	26	True	1769.622314453125	1388.3741455078125	64.78826141357422	60.41730880737305	163.27374267578125	0.36108009506468575	68169.0
ht-QQ74-48	SHAPES_DATA	4003.0	4083.0	0.9804065638011267	257.1787132024765	75	75	560	1386.9305520859355	1373.1249063202597	25	True	1386.996826171875	1373.210693359375	74.88550567626953	67.05546569824219	141.45120239257812	0.44518252608276954	68169.0
ht-QQ74-48	SHAPES_DATA	3965.0	4092.5	0.9688454489920586	282.4924215078354	74	79	546	3762.8925598991173	1299.816393442623	25	True	3762.637451171875	1299.998291015625	73.97856140136719	68.0063705444336	20.47417640686035	0.39362446761376896	68169.0
ht-QQ74-48	SHAPES_DATA	6.0	3.0	2.0	7.656854152679443	3	3	7	3528.8333333333335	1249.0	5	True	3528.406494140625	1249.0	3.0229828357696533	2.1238715648651123	90.0	0.7116098992579605	68169.0
ht-QQ74-48	SHAPES_DATA	3161.0	3228.0	0.9792441140024783	233.1787132024765	63	69	486	2574.9076241695666	1273.281240113888	23	True	2574.89697265625	1273.367919921875	67.98081970214844	58.04557800292969	157.35491943359375	0.5205153997018249	68169.0
ht-QQ74-48	SHAPES_DATA	4235.0	4305.5	0.98362559516897	274.97770273685455	76	79	517	3500.102243211334	1220.165997638725	29	True	3500.075439453125	1220.1209716796875	76.66636657714844	69.50080108642578	161.04800415039062	0.42212907804137684	68169.0
ht-QQ74-48	SHAPES_DATA	4.0	0.0	1	8.485281229019165	4	4	4	1700.5	1177.5	2	True	1700.5	1177.5	6.728501319885254	3.88470196723938	135.0	0.8164965894442308	68169.0
ht-QQ74-48	SHAPES_DATA	3352.0	3516.5	0.9532205317787573	260.9360725879669	67	71	512	1665.3791766109784	1175.0083532219571	22	True	1665.6708984375	1175.027587890625	69.14441680908203	61.37797927856445	163.281005859375	0.4604646846825351	68169.0
ht-QQ74-48	SHAPES_DATA	2926.0	2971.5	0.9846878680800942	225.62236428260803	61	66	422	2093.6373889268625	1156.0105946684894	28	True	2093.69970703125	1156.019775390625	64.01901245117188	56.841392517089844	15.80992603302002	0.46006932852680993	68169.0
ht-QQ74-48	SHAPES_DATA	4146.0	4189.5	0.9896168993913355	264.3502861261368	72	77	546	2914.330680173661	1089.3137964302944	30	True	2914.2236328125	1089.2945556640625	76.71595001220703	67.69485473632812	154.76980590820312	0.47048286539155815	68169.0
ht-QQ74-48	SHAPES_DATA	3877.0	3942.5	0.9833861762840838	261.52185904979706	82	65	557	791.8906370905339	1080.0296621098787	28	True	791.988037109375	1079.9395751953125	76.36795043945312	63.66456604003906	75.10893249511719	0.5522847246641559	68169.0
ht-QQ74-48	SHAPES_DATA	3354.0	3400.5	0.9863255403617115	243.1787132024765	69	66	494	849.8070960047704	979.3628503279666	28	True	849.759765625	979.4220581054688	68.59201049804688	60.88878631591797	128.9149627685547	0.46043191318415266	68169.0
ht-QQ74-48	SHAPES_DATA	2697.0	2726.5	0.9891802677425271	216.30865597724915	57	66	462	1450.027808676307	938.6370040786059	25	True	1450.0357666015625	938.6664428710938	64.62271881103516	51.735198974609375	163.51358032226562	0.5992353401474688	68169.0
ht-QQ74-48	SHAPES_DATA	2975.0	3018.0	0.9857521537442014	231.9655101299286	64	62	454	1274.1468907563026	864.4884033613446	24	True	1274.183349609375	864.506103515625	62.532318115234375	59.21168899536133	131.47959899902344	0.321535888070981	68169.0
ht-QQ74-48	SHAPES_DATA	3313.0	3365.5	0.9844005348388055	242.35028612613678	64	74	525	2494.696347721099	862.8545125264111	26	True	2494.770263671875	862.9966430664062	69.26404571533203	59.884803771972656	171.4748992919922	0.5024828980312709	68169.0
ht-QQ74-48	SHAPES_DATA	2950.0	3019.0	0.9771447499171911	242.1076455116272	61	67	471	1816.3918644067796	859.6050847457627	23	True	1816.3956298828125	859.7587280273438	65.54334259033203	56.01044845581055	172.95887756347656	0.5193594680699778	68169.0
ht-QQ74-48	SHAPES_DATA	2878.0	2922.5	0.9847733105218135	222.30865597724915	59	67	473	2258.2890896455874	789.4631688672689	22	True	2258.202880859375	789.5446166992188	65.37983703613281	55.250064849853516	21.702606201171875	0.5346671388346838	68169.0
ht-QQ74-48	SHAPES_DATA	4476.0	4647.0	0.9632020658489348	313.36247873306274	82	79	572	4033.0127345844503	763.362600536193	24	True	4032.935302734375	763.3630981445312	78.9845199584961	71.36000061035156	56.99444580078125	0.42865515871189613	68169.0
ht-QQ74-48	SHAPES_DATA	4373.0	4408.5	0.9919473743903822	271.52185904979706	79	74	551	3235.1081637319917	757.5746627029499	28	True	3235.03759765625	757.5814208984375	76.2343978881836	72.02857208251953	93.60285949707031	0.32756011427445453	68169.0
ht-QQ74-48	SHAPES_DATA	4026.0	4081.0	0.9865229110512129	264.73506212234497	77	74	553	1031.978390461997	671.7769498261301	29	True	1032.0615234375	671.8126831054688	78.39141082763672	64.02708435058594	132.26177978515625	0.5769754696945103	68169.0
ht-QQ74-48	SHAPES_DATA	4204.0	4343.0	0.9679944738659912	284.04877042770386	79	78	593	1532.9728829686014	590.5387725975262	23	True	1533.098388671875	590.5899658203125	77.31553649902344	68.78717803955078	148.5566864013672	0.4565570903076957	68169.0
ht-QQ74-48	SHAPES_DATA	2917.0	3038.0	0.9601711652402897	245.42135381698608	71	58	528	496.790538224203	564.4525197120329	22	True	496.7907409667969	564.6707153320312	68.14875030517578	53.8465690612793	109.9935531616211	0.6129355719653888	68169.0
ht-QQ74-48	SHAPES_DATA	3984.0	4083.0	0.9757531227038942	270.97770273685455	71	78	534	3677.1217369477913	554.4252008032129	29	True	3677.05224609375	554.32861328125	75.59112548828125	66.25106048583984	178.86277770996094	0.48151170139367727	68169.0
ht-QQ74-48	SHAPES_DATA	2969.0	3041.5	0.9761630774289002	241.27921843528748	60	71	489	2789.0791512293704	545.1283260357022	27	True	2789.11767578125	545.4849853515625	66.4490737915039	55.61702346801758	161.165771484375	0.5472224829652863	68169.0
ht-QQ74-48	SHAPES_DATA	2495.0	2543.0	0.9811246559182069	211.37972366809845	57	60	431	1816.4761523046093	537.477755511022	26	True	1816.4630126953125	537.4760131835938	60.42639923095703	51.09980773925781	146.86605834960938	0.5337319827580684	68169.0
