genotype	HEADER_SHAPES	area	hull-area	solidity	perimeter	width	height	longest_axis	center-of-mass-x	center-of-mass-y	hull_vertices	in_bounds	ellipse_center_x	ellipse_center_y	ellipse_major_axis	ellipse_minor_axis	ellipse_angle	ellipse_eccentricity	marker_area
ht-QQ74-51	SHAPES_DATA	2522.0	2535.0	0.9948717948717949	205.33809351921082	59	54	428	773.7410785091198	2655.409992069786	22	True	773.7598876953125	2655.4375	57.85172653198242	54.14850616455078	78.12989044189453	0.35203262663868723	68606.0
ht-QQ74-51	SHAPES_DATA	4360.0	4473.5	0.974628367050408	284.97770273685455	84	77	584	3890.655733944954	2643.7990825688075	30	True	3890.743896484375	2644.337890625	81.0459976196289	69.01158142089844	125.53324890136719	0.524336280264831	68606.0
ht-QQ74-51	SHAPES_DATA	3980.0	4035.5	0.9862470573658778	261.76449966430664	73	74	542	3035.0022613065325	2531.9917085427137	24	True	3035.003662109375	2532.04833984375	77.19879150390625	64.44042205810547	141.9790802001953	0.5506540509660891	68606.0
ht-QQ74-51	SHAPES_DATA	3582.0	3677.5	0.9740312712440516	263.4213538169861	68	71	512	1813.574260189838	2526.277777777778	28	True	1813.55419921875	2526.322998046875	69.59786224365234	64.62772369384766	156.86019897460938	0.3711128581800483	68606.0
ht-QQ74-51	SHAPES_DATA	4128.0	4171.5	0.9895720963682129	258.9360725879669	77	74	549	3320.891715116279	2465.96632751938	27	True	3320.9375	2466.09326171875	74.58195495605469	69.38731384277344	128.59378051757812	0.36667298217143246	68606.0
ht-QQ74-51	SHAPES_DATA	3844.0	3881.0	0.9904663746457099	247.27921843528748	73	72	528	2675.828303850156	2443.5611342351717	31	True	2675.851806640625	2443.628173828125	73.5811996459961	65.32613372802734	135.20318603515625	0.46020994105574764	68606.0
ht-QQ74-51	SHAPES_DATA	4472.0	4528.0	0.9876325088339223	280.0071402788162	77	76	517	965.5420393559929	2432.433363148479	28	True	965.5947265625	2432.58837890625	78.21343231201172	71.61215209960938	41.52280807495117	0.4020922749145472	68606.0
ht-QQ74-51	SHAPES_DATA	3312.0	3329.0	0.9948933613697807	229.0365778207779	65	67	475	2167.654589371981	2412.647946859903	27	True	2167.649169921875	2412.64794921875	67.02037048339844	61.35272216796875	145.64332580566406	0.4024682493915973	68606.0
ht-QQ74-51	SHAPES_DATA	4782.0	4900.0	0.9759183673469388	286.3502861261368	85	78	591	561.88791300711	2409.8377248013385	28	True	561.87255859375	2409.86279296875	79.4901123046875	75.85676574707031	70.69844055175781	0.2988763606755165	68606.0
ht-QQ74-51	SHAPES_DATA	3554.0	3564.0	0.9971941638608305	237.13708305358887	68	69	507	1331.368880135059	2373.2509848058526	30	True	1331.3134765625	2373.268798828125	68.71830749511719	64.5853500366211	140.0679168701172	0.3415694699921249	68606.0
ht-QQ74-51	SHAPES_DATA	2757.0	2869.5	0.9607945635128071	249.76449966430664	74	60	514	3575.6492564381574	2313.335146898803	24	True	3576.03173828125	2314.396240234375	71.42870330810547	50.52396011352539	112.80809020996094	0.7068793536200124	68606.0
ht-QQ74-51	SHAPES_DATA	3701.0	3763.5	0.983393118108144	261.66399443149567	75	67	522	689.4325857876249	2203.340988921913	26	True	689.4561767578125	2203.369140625	72.63916778564453	63.373661041259766	62.27594757080078	0.48871274496605305	68606.0
ht-QQ74-51	SHAPES_DATA	3516.0	3614.5	0.9727486512657353	265.0782079696655	66	73	498	998.9328782707622	2203.0588737201365	23	True	999.2086791992188	2202.95849609375	72.59310913085938	60.89624786376953	11.409341812133789	0.5443304036391593	68606.0
ht-QQ74-51	SHAPES_DATA	4529.0	4598.0	0.9849934754240974	279.3208485841751	87	73	618	3987.9659969088098	2165.583572532568	24	True	3988.107177734375	2165.764404296875	82.66598510742188	68.82725524902344	108.74481201171875	0.5538828240717699	68606.0
ht-QQ74-51	SHAPES_DATA	3892.0	3924.0	0.9918450560652395	253.1787132024765	76	72	526	1625.2995889003084	2148.102004110997	28	True	1625.3245849609375	2148.066162109375	73.0294189453125	66.62662506103516	116.88854217529297	0.40946499817270293	68606.0
ht-QQ74-51	SHAPES_DATA	3759.0	3840.5	0.9787788048431194	253.1787132024765	72	78	559	2701.8438414471934	2096.3695131683958	25	True	2701.925048828125	2096.528076171875	74.77904510498047	63.99958801269531	147.7593231201172	0.5172253852849098	68606.0
ht-QQ74-51	SHAPES_DATA	4276.0	4363.5	0.9799472900194798	272.73506212234497	76	79	572	3789.7673058933583	2054.36131898971	27	True	3789.667724609375	2054.44970703125	78.1767578125	68.35580444335938	22.63692283630371	0.4852507788925298	68606.0
ht-QQ74-51	SHAPES_DATA	864.0	883.0	0.9784824462061155	124.46803629398346	41	32	282	3295.689814814815	1988.7858796296296	17	True	3295.61376953125	1988.7760009765625	37.00910949707031	28.9703311920166	106.39735412597656	0.6222869670615849	68606.0
ht-QQ74-51	SHAPES_DATA	4066.0	4138.5	0.9824815754500423	255.90663504600525	77	77	551	3071.652975897688	1956.8686669945894	26	True	3071.609130859375	1956.994873046875	75.70050811767578	67.63932037353516	133.2292022705078	0.44903910503081707	68606.0
ht-QQ74-51	SHAPES_DATA	3929.0	3974.0	0.9886763965777554	269.5634891986847	71	75	532	1681.4754390430135	1897.8549249172818	28	True	1681.5308837890625	1897.871826171875	73.83677673339844	66.27490234375	153.05921936035156	0.4408381473332171	68606.0
ht-QQ74-51	SHAPES_DATA	3761.0	3829.0	0.9822407939409767	253.52185904979706	71	71	486	1395.1377293273065	1895.9380483913853	24	True	1395.126708984375	1895.9642333984375	70.41707611083984	66.59085083007812	18.480968475341797	0.3251472819044218	68606.0
ht-QQ74-51	SHAPES_DATA	3874.0	3963.5	0.9774189478995837	258.59292674064636	75	75	538	3408.1370676303563	1871.2555498193083	28	True	3408.2333984375	1871.4005126953125	71.52980041503906	68.38514709472656	165.101806640625	0.2932455501685977	68606.0
ht-QQ74-51	SHAPES_DATA	2962.0	2974.5	0.9957976130442091	217.722869515419	63	64	470	2158.9821066846725	1834.8983794733288	25	True	2158.88232421875	1834.9326171875	63.6204948425293	58.097381591796875	134.79856872558594	0.4075417583360941	68606.0
ht-QQ74-51	SHAPES_DATA	3489.0	3545.5	0.9840643068678606	238.69343197345734	68	72	510	2471.28260246489	1827.950128976784	25	True	2471.244140625	1828.235107421875	68.61399841308594	64.33295440673828	158.41954040527344	0.34769729479213385	68606.0
ht-QQ74-51	SHAPES_DATA	3822.0	3866.0	0.9886187273667874	253.90663504600525	74	72	516	1866.2315541601256	1770.2870225013082	26	True	1866.4344482421875	1770.346923828125	70.21378326416016	68.36055755615234	108.31596374511719	0.22823549917289665	68606.0
ht-QQ74-51	SHAPES_DATA	3951.0	4004.5	0.986640029966288	259.0782079696655	74	73	525	880.1672994178689	1751.3214376107314	27	True	880.1574096679688	1751.3658447265625	72.20437622070312	68.46959686279297	125.65032958984375	0.317450365334466	68606.0
ht-QQ74-51	SHAPES_DATA	3862.0	3882.0	0.9948480164863472	247.0365778207779	72	72	545	1489.6434489901606	1690.700155359917	30	True	1489.676513671875	1690.7110595703125	72.04740905761719	67.08232116699219	132.2900848388672	0.3648002055389251	68606.0
ht-QQ74-51	SHAPES_DATA	3819.0	3954.5	0.9657352383360728	274.14927566051483	76	71	526	3583.7512437810947	1666.9727677402461	26	True	3583.579345703125	1667.2484130859375	74.31523895263672	65.22441864013672	117.6031265258789	0.4792614360749524	68606.0
ht-QQ74-51	SHAPES_DATA	3507.0	3588.5	0.9772885606799498	262.4924215078354	71	69	508	3218.8166524094668	1663.9267179925862	26	True	3218.7861328125	1663.9093017578125	70.20230102539062	62.18861770629883	129.23207092285156	0.46397420770554354	68606.0
ht-QQ74-51	SHAPES_DATA	4838.0	4933.0	0.9807419420231097	290.4924215078354	85	79	628	3996.8613063249277	1633.1281521289789	24	True	3996.868896484375	1633.318115234375	80.90303039550781	75.32708740234375	103.47036743164062	0.36481841593219044	68606.0
ht-QQ74-51	SHAPES_DATA	3454.0	3501.0	0.9865752642102257	236.1076455116272	69	73	507	2825.966994788651	1619.3937463810075	25	True	2825.964111328125	1619.53076171875	68.48273468017578	63.48351287841797	15.27501392364502	0.3750606848228643	68606.0
ht-QQ74-51	SHAPES_DATA	3525.0	3621.0	0.9734879867439934	245.52185904979706	74	70	506	2423.4320567375885	1602.5835460992907	25	True	2423.604736328125	1602.619384765625	67.11407470703125	65.94945526123047	137.20396423339844	0.18548463162181747	68606.0
ht-QQ74-51	SHAPES_DATA	4353.0	4426.5	0.9833954591663843	276.59292674064636	80	76	568	586.1580519182173	1590.5212497128416	29	True	586.1805419921875	1590.5556640625	76.11811828613281	71.5533218383789	123.02835845947266	0.34109151791049225	68606.0
ht-QQ74-51	SHAPES_DATA	3845.0	3904.5	0.9847611730055065	258.0071402788162	72	75	531	2063.7152145643695	1478.616644993498	32	True	2063.622802734375	1478.609130859375	73.31856536865234	65.88520812988281	142.34239196777344	0.43873678461878435	68606.0
ht-QQ74-51	SHAPES_DATA	3684.0	3767.5	0.9778367617783676	256.83556735515594	69	76	547	1260.3963083604776	1462.4302388707927	22	True	1260.4373779296875	1462.49560546875	75.0999984741211	61.898014068603516	149.76400756835938	0.566287288293498	68606.0
ht-QQ74-51	SHAPES_DATA	3832.0	3957.5	0.9682880606443461	270.2497808933258	67	78	566	1481.964770354906	1370.1680584551148	26	True	1481.9505615234375	1370.4173583984375	74.99360656738281	64.18576049804688	157.00274658203125	0.5171693324947093	68606.0
ht-QQ74-51	SHAPES_DATA	3037.0	3057.5	0.9932951757972199	218.7939372062683	65	65	449	3026.6144221270993	1284.6262759301942	31	True	3026.617919921875	1284.6380615234375	62.26919937133789	60.57755661010742	179.37657165527344	0.2315063414742636	68606.0
ht-QQ74-51	SHAPES_DATA	4362.0	4503.0	0.9686875416389074	277.4213538169861	83	75	584	574.8285190279688	1285.7961944062356	26	True	574.6470336914062	1285.7457275390625	78.45708465576172	69.91498565673828	119.93555450439453	0.45376000311655634	68606.0
ht-QQ74-51	SHAPES_DATA	3027.0	3075.5	0.9842302064704926	227.9655101299286	66	65	438	2476.02114304592	1260.1836802114306	24	True	2476.13037109375	1260.2886962890625	63.52527618408203	59.72891616821289	150.1009979248047	0.3405163610057126	68606.0
ht-QQ74-51	SHAPES_DATA	3768.0	3856.0	0.9771784232365145	259.62236428260803	72	74	503	2062.015127388535	1232.2829087048833	27	True	2061.89990234375	1232.2989501953125	70.31427001953125	67.0960922241211	5.031154155731201	0.29906892306053473	68606.0
ht-QQ74-51	SHAPES_DATA	3342.0	3408.0	0.9806338028169014	253.52185904979706	73	65	513	1071.0272292040695	1210.196289646918	25	True	1071.1627197265625	1210.3719482421875	70.3907699584961	59.45058822631836	120.8769760131836	0.5354304640335686	68606.0
ht-QQ74-51	SHAPES_DATA	3301.0	3404.5	0.9695990600675577	256.0071402788162	66	72	514	1409.5401393517116	1166.8361102696153	21	True	1409.6622314453125	1167.081298828125	69.05643463134766	60.22322463989258	161.56234741210938	0.48935071234042	68606.0
ht-QQ74-51	SHAPES_DATA	3485.0	3508.0	0.9934435575826682	240.69343197345734	69	66	511	769.861406025825	1147.4545193687231	27	True	769.8294067382812	1147.4605712890625	70.24398040771484	61.67214584350586	131.9744415283203	0.4787146541137104	68606.0
ht-QQ74-51	SHAPES_DATA	4222.0	4345.0	0.9716915995397009	286.73506212234497	77	77	512	3832.377072477499	1116.7591189009947	29	True	3832.61376953125	1116.8798828125	75.66905212402344	70.5631103515625	33.790245056152344	0.3611113063496147	68606.0
ht-QQ74-51	SHAPES_DATA	4272.0	4409.0	0.9689271943751417	280.59292674064636	80	76	546	3405.067883895131	1086.1430243445693	26	True	3405.1279296875	1086.4635009765625	75.87364196777344	71.85127258300781	104.53315734863281	0.3212749895105419	68606.0
ht-QQ74-51	SHAPES_DATA	3741.0	3820.0	0.9793193717277487	267.76449966430664	66	79	571	1729.2624966586475	1006.0713712910987	20	True	1729.2806396484375	1006.0470581054688	76.14221954345703	61.89747619628906	168.26419067382812	0.5823764151186234	68606.0
ht-QQ74-51	SHAPES_DATA	3174.0	3239.5	0.9797808303750579	230.89444243907928	62	69	457	2705.08254568368	972.5425330812855	25	True	2705.061767578125	972.6307373046875	68.60128784179688	58.55038833618164	5.670628070831299	0.5211122008196543	68606.0
ht-QQ74-51	SHAPES_DATA	4381.0	4462.0	0.9818467055132227	264.69343197345734	76	80	547	3071.645514722666	837.3551700524994	27	True	3071.567138671875	837.326904296875	76.68343353271484	72.1131362915039	3.691225290298462	0.34006906918445856	68606.0
ht-QQ74-51	SHAPES_DATA	3594.0	3640.5	0.9872270292542233	244.7939372062683	71	70	542	770.1591541457985	832.3873121869783	27	True	770.1466064453125	832.4089965820312	76.866455078125	58.19339370727539	136.68844604492188	0.653332163619655	68606.0
ht-QQ74-51	SHAPES_DATA	4042.0	4146.5	0.9747980224285542	283.90663504600525	70	78	552	2182.5912914398814	790.9517565561603	27	True	2182.607421875	790.8245849609375	75.01840209960938	67.24029541015625	158.2008056640625	0.4434131337218572	68606.0
ht-QQ74-51	SHAPES_DATA	3550.0	3573.0	0.9935628323537643	240.35028612613678	68	73	549	1560.985352112676	732.7180281690141	27	True	1560.9046630859375	732.71533203125	72.4293212890625	61.151771545410156	155.73379516601562	0.5358774180102659	68606.0
ht-QQ74-51	SHAPES_DATA	3884.0	3954.0	0.9822964087000505	260.2497808933258	72	75	524	1138.2443357363543	714.9271369721936	29	True	1138.3470458984375	714.980712890625	73.70791625976562	66.3160629272461	155.63319396972656	0.43647939272978725	68606.0
ht-QQ74-51	SHAPES_DATA	4425.0	4477.5	0.9882747068676717	276.0071402788162	75	80	533	3378.3647457627117	658.0937853107345	28	True	3378.230712890625	658.17041015625	79.11402130126953	71.13579559326172	22.687095642089844	0.43762958622918313	68606.0
ht-QQ74-51	SHAPES_DATA	2849.0	2916.0	0.9770233196159122	221.37972366809845	58	69	477	2455.954018954019	629.2148122148122	25	True	2455.927490234375	629.2115478515625	66.43040466308594	53.58158874511719	170.92626953125	0.5911218058843186	68606.0
ht-QQ74-51	SHAPES_DATA	5285.0	5340.5	0.9896077146334613	305.11983811855316	84	87	607	3807.040491958373	605.451655629139	28	True	3806.961669921875	605.5122680664062	84.9470443725586	78.06551361083984	37.2852783203125	0.3942800348478331	68606.0
ht-QQ74-51	SHAPES_DATA	3463.0	3522.0	0.9832481544576945	244.93607258796692	68	74	513	1773.3823274617384	547.3361247473289	22	True	1773.4361572265625	547.3526611328125	73.73450469970703	58.69132995605469	153.12010192871094	0.6053204445359572	68606.0
ht-QQ74-51	SHAPES_DATA	3761.0	3819.5	0.984683859143867	256.0071402788162	74	74	557	758.6745546397235	503.4727466099442	25	True	758.6497802734375	503.46002197265625	75.66316223144531	62.252628326416016	137.05555725097656	0.568388840792223	68606.0
ht-QQ74-51	SHAPES_DATA	4107.0	4217.0	0.973915105525255	279.0782079696655	71	83	581	2989.27319211103	379.8263939615291	27	True	2989.2119140625	380.21148681640625	79.03005981445312	66.01641082763672	169.73004150390625	0.5497444030100583	68606.0
ht-QQ74-51	SHAPES_DATA	3949.0	3981.5	0.9918372472686173	255.42135381698608	72	76	539	1188.0942010635604	346.37680425424156	27	True	1188.078857421875	346.3583068847656	77.461181640625	63.711334228515625	147.7745819091797	0.5687742138632863	68606.0
