genotype	HEADER_SHAPES	area	hull-area	solidity	perimeter	width	height	longest_axis	center-of-mass-x	center-of-mass-y	hull_vertices	in_bounds	ellipse_center_x	ellipse_center_y	ellipse_major_axis	ellipse_minor_axis	ellipse_angle	ellipse_eccentricity	marker_area
ht-QQ74-2	SHAPES_DATA	4274.0	4383.0	0.975131188684	285.52185905	76	81	556	3605.00163781	2596.49017314	26	True	3604.99926758	2596.60253906	76.9400100708	69.9535446167	162.538421631	0.41636852252	68660.0
ht-QQ74-2	SHAPES_DATA	5105.0	5231.5	0.975819554621	304.291411042	83	87	631	3276.99588639	2558.55808031	28	True	3277.05493164	2558.66821289	85.8361358643	74.8499069214	147.506469727	0.489489343971	68660.0
ht-QQ74-2	SHAPES_DATA	4516.0	4579.0	0.986241537454	283.764499664	76	80	547	717.188662533	2514.7874225	23	True	717.218505859	2514.73754883	78.5183105469	71.8943405151	19.7827205658	0.402004038464	68660.0
ht-QQ74-2	SHAPES_DATA	3900.0	3986.0	0.9784244857	285.07820797	70	77	526	1129.67615385	2497.19923077	26	True	1129.83154297	2497.32983398	73.669883728	66.4641265869	159.949050903	0.431341854645	68660.0
ht-QQ74-2	SHAPES_DATA	4578.0	4704.0	0.973214285714	293.320848584	79	83	587	1598.87570992	2463.6832678	28	True	1599.07641602	2463.79370117	80.2331924438	72.0000762939	144.409866333	0.44124808597	68660.0
ht-QQ74-2	SHAPES_DATA	4745.0	4928.0	0.96286525974	301.07820797	83	86	586	2025.34120126	2449.1483667	30	True	2025.65576172	2449.48071289	81.4764938354	75.0530700684	145.398071289	0.389178771649	68660.0
ht-QQ74-2	SHAPES_DATA	3299.0	3329.5	0.990839465385	240.793937206	68	64	473	833.538344953	2375.51379206	29	True	833.620483398	2375.46728516	66.5898895264	61.6824913025	65.581237793	0.376776609851	68660.0
ht-QQ74-2	SHAPES_DATA	5422.0	5527.5	0.980913613749	313.462983966	84	90	641	3092.66543711	2304.00774622	25	True	3092.62988281	2304.07373047	87.3563537598	78.0133895874	146.768188477	0.44996203221	68660.0
ht-QQ74-2	SHAPES_DATA	929.0	1007.0	0.922542204568	145.882249832	46	32	295	3689.47470398	2227.33476857	15	True	3689.34277344	2227.24975586	46.3184432983	27.2517433167	104.66960907	0.808601868176	68660.0
ht-QQ74-2	SHAPES_DATA	3464.0	3598.0	0.962757087271	263.764499664	70	74	532	2755.67292148	2233.68591224	23	True	2755.80981445	2233.93432617	72.250579834	60.9977531433	146.007965088	0.535945181285	68660.0
ht-QQ74-2	SHAPES_DATA	5256.0	5350.5	0.982338099243	306.63455689	92	79	627	846.656392694	2206.59931507	28	True	846.697570801	2206.65014648	86.4868545532	76.0555267334	86.2975845337	0.47610528619	68660.0
ht-QQ74-2	SHAPES_DATA	3419.0	3440.0	0.993895348837	240.551296592	64	70	487	2025.93623867	2191.97075168	26	True	2025.95397949	2192.02050781	68.4468231201	62.3036155701	157.839828491	0.414062477011	68660.0
ht-QQ74-2	SHAPES_DATA	4124.0	4228.0	0.975402081362	289.906635046	84	75	582	3792.62681862	2182.03976722	26	True	3792.75756836	2182.37939453	80.7075653076	64.4912338257	122.036087036	0.601234056189	68660.0
ht-QQ74-2	SHAPES_DATA	5080.0	5227.5	0.971783835485	302.592926741	83	88	640	2536.55964567	2162.63543307	26	True	2536.56298828	2162.69897461	83.1750411987	76.7937088013	160.998886108	0.384131776321	68660.0
ht-QQ74-2	SHAPES_DATA	4404.0	4525.0	0.973259668508	293.320848584	80	81	564	1829.417802	2138.9386921	25	True	1829.69482422	2139.13500977	77.1914978027	72.9479675293	122.547721863	0.32699538016	68660.0
ht-QQ74-2	SHAPES_DATA	5393.0	5555.0	0.970837083708	325.119838119	86	90	644	2234.23029854	2095.97237159	30	True	2234.33569336	2096.03930664	84.6123428345	80.6075668335	166.506469727	0.304009100672	68660.0
ht-QQ74-2	SHAPES_DATA	3665.0	3716.5	0.986142876362	246.693431973	73	68	498	494.956343793	2070.34406548	26	True	494.885223389	2070.37524414	69.363861084	65.8841629028	100.008979797	0.312754086236	68660.0
ht-QQ74-2	SHAPES_DATA	4102.0	4177.0	0.982044529567	262.936072588	74	76	544	1376.68186251	2045.56777182	23	True	1376.71313477	2045.54101562	75.9962921143	67.3582839966	140.988647461	0.46304178215	68660.0
ht-QQ74-2	SHAPES_DATA	4428.0	4568.0	0.969352014011	286.249780893	82	77	565	2683.58039747	2040.84214092	25	True	2683.65405273	2040.92822266	78.1714248657	71.293762207	122.115966797	0.410149731983	68660.0
ht-QQ74-2	SHAPES_DATA	2930.0	2970.0	0.986531986532	229.96551013	68	65	479	2874.46313993	2034.14266212	24	True	2874.52490234	2034.11413574	66.295715332	55.5816192627	132.077301025	0.545071884317	68660.0
ht-QQ74-2	SHAPES_DATA	3844.0	3918.5	0.980987622815	260.936072588	72	73	528	1594.84989594	2008.45369407	25	True	1594.89880371	2008.52075195	72.4339141846	66.5682983398	134.521682739	0.394208251397	68660.0
ht-QQ74-2	SHAPES_DATA	4870.0	5125.5	0.950151204761	323.220343351	87	87	633	3452.18583162	2003.2201232	22	True	3452.19335938	2003.45825195	88.076713562	70.6648025513	133.625854492	0.596907973302	68660.0
ht-QQ74-2	SHAPES_DATA	4776.0	4958.0	0.963291649859	300.249780893	82	85	593	3643.34254606	1918.79313233	22	True	3643.40283203	1919.01342773	83.3369216919	72.8563232422	148.91355896	0.48549717848	68660.0
ht-QQ74-2	SHAPES_DATA	4719.0	5219.0	0.90419620617	335.948265195	76	99	692	2460.74507311	1915.87433778	30	True	2460.33984375	1916.1973877	96.0176467896	66.9469070435	167.844360352	0.716842192579	68660.0
ht-QQ74-2	SHAPES_DATA	3422.0	3499.5	0.97785397914	245.764499664	71	72	499	3130.54032729	1895.4170076	25	True	3130.47045898	1895.49609375	66.6271591187	64.7979507446	162.545883179	0.232712369819	68660.0
ht-QQ74-2	SHAPES_DATA	4280.0	4327.5	0.989023685731	270.835567355	78	78	556	1900.26028037	1837.65163551	29	True	1900.36706543	1837.98681641	78.7889862061	68.6934509277	129.461791992	0.489744216311	68660.0
ht-QQ74-2	SHAPES_DATA	4809.0	4843.0	0.992979558125	285.663994431	85	77	577	1553.7750052	1777.78831358	32	True	1553.86657715	1777.72607422	80.636505127	74.7538452148	97.0871429443	0.37494468102	68660.0
ht-QQ74-2	SHAPES_DATA	4246.0	4326.0	0.981507165973	269.764499664	76	76	546	1133.74140367	1734.39448893	26	True	1133.83618164	1734.44750977	77.3290939331	68.7626266479	129.744003296	0.45747857616	68660.0
ht-QQ74-2	SHAPES_DATA	5532.0	5733.5	0.9648556728	330.534051657	90	89	648	3751.64515546	1722.9736081	24	True	3751.6472168	1723.08337402	87.8504486084	79.424659729	135.71925354	0.427343362487	68660.0
ht-QQ74-2	SHAPES_DATA	4327.0	4383.0	0.987223362993	268.107645512	82	69	562	467.7524844	1693.95424081	27	True	467.718780518	1693.97070312	80.7339477539	66.9582824707	107.804931641	0.558700327548	68660.0
ht-QQ74-2	SHAPES_DATA	3856.0	3955.0	0.974968394437	267.036577821	71	78	546	2820.78682573	1671.05809129	28	True	2820.73291016	1671.20800781	75.5355072021	64.4613800049	155.033447266	0.521270074969	68660.0
ht-QQ74-2	SHAPES_DATA	4575.0	4736.0	0.966005067568	300.63455689	84	83	573	3337.00349727	1652.52568306	28	True	3337.39282227	1652.92126465	81.3075485229	72.0145492554	143.335357666	0.464247379321	68660.0
ht-QQ74-2	SHAPES_DATA	4264.0	4373.5	0.974962844404	276.249780893	76	81	559	2594.16533771	1562.43058161	24	True	2594.23632812	1562.65612793	77.1074829102	69.989440918	153.79927063	0.41964837129	68660.0
ht-QQ74-2	SHAPES_DATA	4101.0	4132.0	0.992497579864	263.865004897	74	76	546	1990.5737625	1515.23920995	26	True	1990.51159668	1515.33349609	72.7163619995	70.6164779663	120.203010559	0.238582379475	68660.0
ht-QQ74-2	SHAPES_DATA	4197.0	4289.5	0.978435715118	289.220343351	77	80	599	2304.84941625	1511.22253991	29	True	2304.90405273	1511.57312012	79.1463165283	67.1231613159	147.540527344	0.529852972089	68660.0
ht-QQ74-2	SHAPES_DATA	3574.0	3829.0	0.933402977279	279.663994431	70	81	566	3241.00699496	1458.5187465	25	True	3240.81396484	1458.86608887	76.7734451294	60.9665260315	163.497650146	0.60777464672	68660.0
ht-QQ74-2	SHAPES_DATA	4698.0	5162.0	0.910112359551	342.048770428	81	95	686	1596.18220519	1454.72498936	18	True	1595.93640137	1454.13208008	85.3052215576	72.8216552734	155.22102356	0.520830689986	68660.0
ht-QQ74-2	SHAPES_DATA	5025.0	5078.5	0.989465393325	288.007140279	81	84	605	2876.63860697	1368.4	33	True	2876.60351562	1368.46154785	80.9882965088	77.6437988281	166.157592773	0.284405974755	68660.0
ht-QQ74-2	SHAPES_DATA	3753.0	3774.5	0.994303881309	254.693431973	74	70	541	1215.8252065	1358.14868106	25	True	1215.8046875	1358.15625	74.3885879517	62.7292900085	125.351623535	0.537498092053	68660.0
ht-QQ74-2	SHAPES_DATA	544.0	558.0	0.974910394265	101.396968603	29	27	217	1337.74632353	1336.19852941	15	True	1337.73669434	1336.27587891	28.5084705353	23.478887558	63.4544296265	0.56720616742	68660.0
ht-QQ74-2	SHAPES_DATA	3983.0	4035.5	0.98699045967	260.107645512	73	78	552	2589.71051971	1301.00175747	28	True	2589.77050781	1301.01171875	74.0919570923	67.3684768677	155.149353027	0.416239692831	68660.0
ht-QQ74-2	SHAPES_DATA	3400.0	3439.0	0.988659494039	246.450791359	70	68	494	1657.81176471	1268.24705882	28	True	1657.94006348	1268.28857422	67.9021835327	62.6020431519	127.647125244	0.387322061717	68660.0
ht-QQ74-2	SHAPES_DATA	3668.0	3728.5	0.98377363551	254.592926741	72	72	500	803.172846238	1252.64858233	26	True	803.143798828	1252.52392578	69.7969512939	65.9527282715	79.2788772583	0.32729339497	68660.0
ht-QQ74-2	SHAPES_DATA	5060.0	5218.0	0.96972019931	304.291411042	82	88	630	2924.12391304	1191.16837945	26	True	2924.06567383	1191.35119629	83.8350601196	76.4716644287	164.64465332	0.409816329879	68660.0
ht-QQ74-2	SHAPES_DATA	5631.0	5838.0	0.964542651593	342.090400577	93	87	668	3888.45498135	1176.28236548	23	True	3888.43652344	1176.50219727	92.3597183228	77.6439590454	63.6487960815	0.541549171322	68660.0
ht-QQ74-2	SHAPES_DATA	4781.0	4947.5	0.966346639717	294.249780893	82	84	590	3528.58899812	1151.36373144	24	True	3528.57470703	1151.54577637	79.2671432495	76.2452545166	172.754714966	0.273481867454	68660.0
ht-QQ74-2	SHAPES_DATA	3955.0	4086.0	0.967939304944	281.663994431	72	76	532	2097.06902655	1142.66548673	24	True	2097.08081055	1142.80212402	75.5623779297	66.0182113647	172.807937622	0.486480286571	68660.0
ht-QQ74-2	SHAPES_DATA	4317.0	4490.0	0.961469933185	307.462983966	80	78	582	3268.82673153	1073.92564281	24	True	3268.84863281	1074.03820801	80.1582946777	67.8605117798	125.465667725	0.532259462009	68660.0
ht-QQ74-2	SHAPES_DATA	4653.0	4765.0	0.976495278069	296.735062122	79	85	534	1546.49688373	1051.33333333	27	True	1546.58581543	1051.24572754	79.6447525024	73.9639205933	176.53616333	0.370899861652	68660.0
ht-QQ74-2	SHAPES_DATA	4219.0	4316.0	0.977525486562	279.906635046	77	77	530	1985.3567196	1027.04171605	26	True	1985.44250488	1027.03771973	77.8168182373	68.1590042114	140.756881714	0.482510107265	68660.0
ht-QQ74-2	SHAPES_DATA	4196.0	4297.0	0.97649522923	274.107645512	81	75	559	954.279790276	946.086034318	20	True	954.354797363	946.128601074	74.0998840332	71.0212783813	84.0111694336	0.2852494903	68660.0
ht-QQ74-2	SHAPES_DATA	4103.0	4191.5	0.978885840391	275.178713202	81	72	562	500.972946624	938.491591518	24	True	500.896026611	938.467773438	77.3487625122	66.3262481689	121.715713501	0.51449076712	68660.0
ht-QQ74-2	SHAPES_DATA	3441.0	3518.0	0.978112563957	250.793937206	63	76	522	1256.16652136	904.266492299	29	True	1256.24401855	904.295166016	75.5983276367	56.7835655212	157.686981201	0.660163443033	68660.0
ht-QQ74-2	SHAPES_DATA	4522.0	4681.5	0.965929723379	299.220343351	74	88	626	2440.38942946	889.05683326	27	True	2440.37426758	889.223999023	84.377822876	67.5753707886	175.919311523	0.598842939494	68660.0
ht-QQ74-2	SHAPES_DATA	4470.0	4547.0	0.983065757642	275.279218435	80	80	602	2149.40536913	884.911185682	32	True	2149.29516602	884.953308105	88.00440979	65.4829559326	136.14515686	0.668082495504	68660.0
ht-QQ74-2	SHAPES_DATA	4109.0	4161.0	0.987503004086	271.663994431	72	80	603	2876.6446824	859.327086882	25	True	2876.65454102	859.447509766	78.7387771606	65.6952133179	147.176208496	0.551244378299	68660.0
ht-QQ74-2	SHAPES_DATA	4457.0	4530.0	0.983885209713	278.107645512	79	80	540	3158.34866502	796.097374916	28	True	3158.36865234	796.063415527	76.8002243042	72.6956634521	170.272415161	0.32254141297	68660.0
ht-QQ74-2	SHAPES_DATA	4610.0	4777.5	0.964939822083	331.2619735	83	83	570	3514.70976139	718.482212581	25	True	3514.6706543	718.654663086	78.0390090942	74.9015350342	149.674880981	0.280698208692	68660.0
ht-QQ74-2	SHAPES_DATA	4624.0	4685.5	0.986874399744	278.936072588	80	82	608	1270.88581315	667.478589965	29	True	1271.0357666	667.556274414	84.7778778076	68.6488189697	142.121353149	0.586776131558	68660.0
ht-QQ74-2	SHAPES_DATA	4337.0	4458.0	0.97285778376	286.350286126	74	79	598	1400.2112059	657.281069864	25	True	1400.22338867	657.297302246	78.4440841675	69.0291519165	159.774734497	0.475012466632	68660.0
ht-QQ74-2	SHAPES_DATA	4263.0	4373.0	0.974845643723	277.622364283	73	80	577	2851.70654469	589.134412386	25	True	2851.78881836	589.328857422	80.5101165771	66.910369873	174.253738403	0.556152475063	68660.0
ht-QQ74-2	SHAPES_DATA	4331.0	4475.0	0.96782122905	280.450791359	75	80	552	1964.29485107	586.334102979	25	True	1964.45092773	586.351013184	80.3103408813	67.8935165405	157.563171387	0.534150394026	68660.0
ht-QQ74-2	SHAPES_DATA	4143.0	4210.5	0.983968649804	265.178713202	76	79	527	1571.36712527	576.7579049	27	True	1571.34057617	576.757141113	76.0531158447	68.0712203979	153.555877686	0.445968994545	68660.0
ht-QQ74-2	SHAPES_DATA	4647.0	4785.5	0.9710584056	310.877197504	79	86	588	3707.19905315	570.553905746	25	True	3707.17333984	570.682128906	80.3028030396	72.6755599976	7.18186712265	0.425371209811	68660.0
ht-QQ74-2	SHAPES_DATA	4672.0	4751.5	0.983268441545	298.492421508	74	86	595	2718.67123288	546.391481164	25	True	2718.609375	546.335449219	84.0802459717	69.3716278076	164.403564453	0.565038527338	68660.0
ht-QQ74-2	SHAPES_DATA	3899.0	3937.5	0.990222222222	258.894442439	69	75	527	2264.47319826	528.334701205	30	True	2264.41040039	528.378601074	76.1548919678	63.8114624023	154.906707764	0.545798000945	68660.0
ht-QQ74-2	SHAPES_DATA	4107.0	4258.0	0.964537341475	279.906635046	80	75	549	621.510348186	473.865595325	22	True	621.479553223	473.796234131	78.358215332	65.9763259888	125.571235657	0.539503245183	68660.0
ht-QQ74-2	SHAPES_DATA	4805.0	4893.0	0.982015123646	295.906635046	77	86	569	3338.35463059	398.496566077	25	True	3338.27856445	398.544128418	85.0687332153	70.9104232788	12.3349475861	0.552419532048	68660.0
