genotype	HEADER_SHAPES	area	hull-area	solidity	perimeter	width	height	longest_axis	center-of-mass-x	center-of-mass-y	hull_vertices	in_bounds	ellipse_center_x	ellipse_center_y	ellipse_major_axis	ellipse_minor_axis	ellipse_angle	ellipse_eccentricity	marker_area
ht-QQ74-1	SHAPES_DATA	3659.0	3693.5	0.990659266279	247.622364283	69	72	501	3822.92429626	2800.15113419	25	True	3823.03393555	2800.27832031	71.4771652222	64.1683654785	152.012115479	0.440512722413	73785.0
ht-QQ74-1	SHAPES_DATA	3462.0	3514.5	0.98506188647	242.894442439	66	68	528	1364.2339688	2476.33737724	26	True	1364.23022461	2476.38330078	68.5005950928	63.1612510681	159.99130249	0.387061145838	73785.0
ht-QQ74-1	SHAPES_DATA	4957.0	5073.5	0.977037548044	302.391916275	85	82	584	2706.21747024	2448.64676215	25	True	2706.16503906	2448.64282227	80.3871002197	77.1215820312	41.1282196045	0.28212523889	73785.0
ht-QQ74-1	SHAPES_DATA	2494.0	2557.5	0.975171065494	214.166520596	57	60	426	1738.49238172	2416.2670409	24	True	1738.56213379	2416.484375	57.8859024048	53.9248466492	2.40233135223	0.363558621626	73785.0
ht-QQ74-1	SHAPES_DATA	3571.0	3601.0	0.991668980839	244.693431973	68	72	499	2426.21786614	2379.41612994	26	True	2426.29003906	2379.49194336	69.6217269897	64.3034439087	158.962539673	0.383329319189	73785.0
ht-QQ74-1	SHAPES_DATA	3995.0	4062.0	0.983505662235	258.007140279	79	73	546	3157.97071339	2369.94267835	22	True	3158.13305664	2369.96362305	73.331993103	68.5665664673	112.558807373	0.354606260321	73785.0
ht-QQ74-1	SHAPES_DATA	3901.0	3970.0	0.982619647355	270.391916275	79	72	548	615.681107408	2350.05562676	26	True	615.605773926	2350.13891602	75.9078292847	64.2354507446	57.788269043	0.532818442203	73785.0
ht-QQ74-1	SHAPES_DATA	4167.0	4250.0	0.980470588235	273.421353817	76	77	527	2025.33117351	2346.43508519	27	True	2025.48937988	2346.51879883	74.3665390015	70.3693008423	149.880477905	0.323437584616	73785.0
ht-QQ74-1	SHAPES_DATA	4065.0	4129.5	0.984380675627	260.936072588	73	78	544	1632.39384994	2301.67257073	27	True	1632.45141602	2301.75927734	74.5133209229	68.3338165283	166.058258057	0.398729780921	73785.0
ht-QQ74-1	SHAPES_DATA	4977.0	5123.0	0.97150107359	313.70562458	88	84	625	3699.23668877	2255.55033153	25	True	3699.46630859	2255.85522461	84.7061386108	74.6295547485	122.582626343	0.473040488564	73785.0
ht-QQ74-1	SHAPES_DATA	3523.0	3609.0	0.9761706844	250.450791359	69	72	500	3153.12659665	2192.41527108	22	True	3153.17919922	2192.57666016	71.0603408813	62.3037185669	136.054901123	0.480906255072	73785.0
ht-QQ74-1	SHAPES_DATA	4463.0	4552.0	0.980448154657	302.877197504	76	82	566	956.229218015	1986.91328703	26	True	956.261962891	1986.86975098	76.8019332886	72.55128479	175.378417969	0.328067142946	73785.0
ht-QQ74-1	SHAPES_DATA	4268.0	4342.5	0.98284398388	276.936072588	78	76	547	2393.03233365	1966.06279288	26	True	2393.06884766	1966.16955566	75.4331130981	70.9965133667	73.014503479	0.337891736116	73785.0
ht-QQ74-1	SHAPES_DATA	4219.0	4338.0	0.972568003688	284.391916275	81	78	557	3256.71889073	1945.20573596	24	True	3256.92651367	1945.39868164	73.4639358521	72.5378875732	104.473754883	0.158278440378	73785.0
ht-QQ74-1	SHAPES_DATA	4117.0	4195.0	0.981406436234	276.492421508	74	74	526	1796.40563517	1914.81637114	25	True	1796.40478516	1914.89770508	73.3145141602	70.1616744995	27.2885971069	0.290102116498	73785.0
ht-QQ74-1	SHAPES_DATA	4101.0	4218.5	0.97214649757	273.07820797	77	80	578	2646.1992197	1875.06730066	24	True	2646.21557617	1875.27990723	74.5991134644	69.4120788574	170.474121094	0.366373479832	73785.0
ht-QQ74-1	SHAPES_DATA	3441.0	3455.5	0.995803791058	233.480228901	68	65	479	1385.65562337	1795.55884917	28	True	1385.66687012	1795.56689453	67.3884506226	63.407283783	93.851852417	0.338623042956	73785.0
ht-QQ74-1	SHAPES_DATA	3150.0	3204.0	0.983146067416	225.622364283	72	65	498	2890.03238095	1757.74761905	27	True	2890.36010742	1757.79382324	65.4219512939	60.7992401123	95.2114944458	0.369224936441	73785.0
ht-QQ74-1	SHAPES_DATA	2602.0	2630.0	0.989353612167	206.509666443	62	60	415	2187.13797079	1730.80053805	26	True	2187.01147461	1730.93762207	58.1661300659	56.128944397	21.6102085114	0.262336604806	73785.0
ht-QQ74-1	SHAPES_DATA	4762.0	4849.0	0.982058156321	283.07820797	87	80	615	3780.45716086	1724.47753045	28	True	3780.61621094	1724.87109375	82.510269165	73.3601608276	109.620773315	0.457706395608	73785.0
ht-QQ74-1	SHAPES_DATA	2943.0	3017.5	0.975310687655	238.308655977	68	60	477	533.926945294	1704.54875977	25	True	533.965270996	1704.58862305	66.4391708374	54.9239730835	119.091957092	0.562671483834	73785.0
ht-QQ74-1	SHAPES_DATA	3888.0	3922.0	0.991330953595	258.936072588	71	73	528	1264.05401235	1628.11651235	30	True	1264.19030762	1628.21960449	72.6503295898	66.8898544312	161.602828979	0.39024847163	73785.0
ht-QQ74-1	SHAPES_DATA	3929.0	4012.5	0.979190031153	263.178713202	78	77	527	3178.14202087	1518.80783914	26	True	3178.46777344	1518.99206543	71.2838516235	70.0820999146	43.4787940979	0.1828473317	73785.0
ht-QQ74-1	SHAPES_DATA	3866.0	3920.0	0.986224489796	256.350286126	70	72	496	1329.57035696	1490.44464563	27	True	1329.5690918	1490.46862793	70.7453155518	68.2444610596	157.032012939	0.263534787869	73785.0
ht-QQ74-1	SHAPES_DATA	3220.0	3221.0	0.999689537411	226.994947672	63	65	467	1581.76708075	1474.90310559	24	True	1581.80786133	1475.01953125	64.6069412231	62.2400588989	19.5680618286	0.268194120929	73785.0
ht-QQ74-1	SHAPES_DATA	4273.0	4301.0	0.993489886073	264.107645512	73	79	553	2529.78095015	1478.36672127	32	True	2529.76342773	1478.44372559	77.4456100464	69.0694885254	178.249847412	0.452340913181	73785.0
ht-QQ74-1	SHAPES_DATA	3857.0	3911.0	0.986192789568	250.350286126	73	75	524	2720.79128857	1471.98807363	28	True	2720.82299805	1471.93395996	73.2448806763	66.0749053955	152.033676147	0.431507106811	73785.0
ht-QQ74-1	SHAPES_DATA	3662.0	3700.5	0.98959600054	246.894442439	71	69	480	3503.94046969	1452.29246313	24	True	3503.9987793	1452.40429688	68.5268478394	67.1739044189	105.019599915	0.197728918006	73785.0
ht-QQ74-1	SHAPES_DATA	3705.0	3731.5	0.992898298271	247.036577821	69	73	519	1836.09986505	1455.13549258	31	True	1836.06689453	1455.19958496	70.491973877	65.8037490845	171.216674805	0.358596177477	73785.0
ht-QQ74-1	SHAPES_DATA	3930.0	4003.0	0.981763677242	255.036577821	80	68	541	999.8043257	1443.60407125	22	True	999.90020752	1443.63317871	74.1980285645	66.2832870483	82.7001724243	0.449402293641	73785.0
ht-QQ74-1	SHAPES_DATA	3372.0	3395.5	0.993079075247	239.96551013	67	69	469	2099.58807829	1436.56257414	26	True	2099.42456055	1436.61230469	66.066619873	63.947265625	179.703430176	0.251254910466	73785.0
ht-QQ74-1	SHAPES_DATA	5191.0	5295.5	0.980266263809	302.149275661	89	81	628	4078.51916779	1303.771335	31	True	4078.54394531	1303.77661133	84.1444625854	77.4006958008	97.4032211304	0.392258807483	73785.0
ht-QQ74-1	SHAPES_DATA	4567.0	4652.5	0.98162278345	298.592926741	73	85	602	1107.36851325	1251.5474053	26	True	1107.375	1251.56555176	81.0396499634	70.6873703003	2.85092401505	0.489048471461	73785.0
ht-QQ74-1	SHAPES_DATA	3829.0	3904.0	0.980788934426	257.52185905	75	72	514	2919.35074432	1193.98981457	25	True	2919.37036133	1194.0871582	70.7551040649	67.84324646	141.895950317	0.283926757999	73785.0
ht-QQ74-1	SHAPES_DATA	4243.0	4329.5	0.98002078762	272.835567355	75	79	571	1812.84939901	1179.92151779	25	True	1812.87561035	1179.94104004	76.1381835938	69.9890289307	157.441040039	0.393704833328	73785.0
ht-QQ74-1	SHAPES_DATA	3292.0	3350.0	0.982686567164	245.622364283	67	68	483	797.911907655	1169.2563791	27	True	798.055908203	1169.37658691	71.2831878662	57.9142951965	140.646362305	0.583025608991	73785.0
ht-QQ74-1	SHAPES_DATA	4409.0	4477.0	0.984811257539	269.279218435	79	77	536	2298.00884554	1128.68246768	27	True	2297.99389648	1128.69091797	76.8074493408	71.9935531616	135.227645874	0.348455998682	73785.0
ht-QQ74-1	SHAPES_DATA	4248.0	4267.0	0.995547222873	263.52185905	74	78	542	2549.46445386	1107.81544256	28	True	2549.45019531	1107.89697266	76.8466033936	69.1891708374	10.394990921	0.435157569506	73785.0
ht-QQ74-1	SHAPES_DATA	4950.0	5022.0	0.985663082437	300.835567355	81	83	604	3483.29878788	1093.25737374	27	True	3483.17041016	1093.38452148	80.53074646	77.3067016602	59.2526702881	0.280119817435	73785.0
ht-QQ74-1	SHAPES_DATA	4159.0	4244.0	0.979971724788	265.722869515	68	80	573	1308.53522481	1009.22890118	27	True	1308.54772949	1009.26678467	80.5264587402	64.4874038696	163.350814819	0.598901700296	73785.0
ht-QQ74-1	SHAPES_DATA	4372.0	4476.0	0.976764968722	281.421353817	73	82	575	1934.72621226	987.368709973	25	True	1934.67321777	987.419921875	80.3216247559	68.4881515503	2.81529140472	0.522443539322	73785.0
ht-QQ74-1	SHAPES_DATA	4183.0	4314.0	0.96963375058	292.492421508	75	78	540	3891.600765	950.203920631	30	True	3891.57275391	950.356262207	79.0471725464	66.5660400391	36.0652503967	0.539313198208	73785.0
ht-QQ74-1	SHAPES_DATA	3359.0	3399.0	0.988231832892	243.865004897	65	70	492	1645.65317059	912.847275975	29	True	1645.57763672	912.883117676	67.4746932983	61.9506111145	163.48034668	0.396276888154	73785.0
ht-QQ74-1	SHAPES_DATA	4457.0	4534.0	0.983017203352	280.249780893	74	81	540	1134.88624635	896.49382993	28	True	1134.92333984	896.485290527	79.1125793457	70.3619689941	172.040252686	0.457148452131	73785.0
ht-QQ74-1	SHAPES_DATA	4296.0	4380.0	0.980821917808	283.421353817	74	79	574	2720.28608007	786.757216015	25	True	2720.06567383	786.68536377	76.1503295898	70.698097229	11.0504255295	0.371578040229	73785.0
ht-QQ74-1	SHAPES_DATA	3636.0	3704.0	0.981641468683	266.936072588	68	70	490	3296.57068207	770.680418042	30	True	3296.53051758	770.600463867	70.6842575073	64.4959030151	28.5198707581	0.409186569259	73785.0
ht-QQ74-1	SHAPES_DATA	4375.0	4446.5	0.983919937029	281.764499664	78	80	573	3020.94194286	766.111314286	29	True	3020.88330078	766.255981445	77.699432373	70.7597503662	17.9721012115	0.413100263367	73785.0
ht-QQ74-1	SHAPES_DATA	2998.0	2996.5	1.00050058401	214.651801825	59	67	450	2544.81054036	760.798532355	29	True	2544.76855469	760.825317383	66.4163894653	56.2240333557	179.545806885	0.532327437448	73785.0
ht-QQ74-1	SHAPES_DATA	3879.0	3953.0	0.981280040476	269.52185905	75	71	521	3742.40139211	716.914926527	23	True	3742.29272461	717.054931641	76.0557556152	63.9913482666	47.2172889709	0.540453056045	73785.0
ht-QQ74-1	SHAPES_DATA	4401.0	4454.0	0.988100583745	270.107645512	74	78	548	1497.61690525	691.919563736	29	True	1497.62548828	691.912841797	76.2639007568	71.8873214722	172.411254883	0.333888149141	73785.0
ht-QQ74-1	SHAPES_DATA	3812.0	3869.0	0.985267510985	249.622364283	68	74	497	2123.70225603	655.792235047	26	True	2123.58959961	655.734130859	72.5441665649	65.6458358765	161.156295776	0.425606077987	73785.0
ht-QQ74-1	SHAPES_DATA	4693.0	4793.0	0.979136240351	308.391916275	84	80	599	806.602599616	582.663967611	25	True	806.836975098	582.753479004	81.7169952393	72.0274734497	126.164665222	0.472322389289	73785.0
ht-QQ74-1	SHAPES_DATA	5135.0	5237.5	0.980429594272	302.291411042	84	86	592	3175.42434275	531.101655307	29	True	3175.50439453	531.098083496	82.8633804321	77.5798187256	19.7031974792	0.351367348996	73785.0
ht-QQ74-1	SHAPES_DATA	4336.0	4421.0	0.980773580638	271.764499664	71	81	537	1609.16835793	528.356088561	29	True	1609.14709473	528.49810791	80.9176177979	67.4675827026	15.8368444443	0.552095127087	73785.0
