genotype	HEADER_SHAPES	area	hull-area	solidity	perimeter	width	height	longest_axis	center-of-mass-x	center-of-mass-y	hull_vertices	in_bounds	ellipse_center_x	ellipse_center_y	ellipse_major_axis	ellipse_minor_axis	ellipse_angle	ellipse_eccentricity	marker_area
ht-QQ74-17	SHAPES_DATA	6356.0	6646.0	0.9563647306650617	366.3746713399887	96	101	717	3535.0763058527377	2694.5802391441157	28	True	3535.19580078125	2695.01123046875	100.78898620605469	80.3597412109375	142.9330596923828	0.6035742803197193	70858.0
ht-QQ74-17	SHAPES_DATA	4695.0	4732.0	0.9921808960270498	294.8771975040436	80	75	588	1063.4702875399362	2617.3165069222578	27	True	1063.6451416015625	2617.608154296875	79.47200775146484	74.71060180664062	77.06507110595703	0.34093462958831827	70858.0
ht-QQ74-17	SHAPES_DATA	5542.0	5593.0	0.9908814589665653	300.97770273685455	82	92	651	2962.853302057019	2551.608083724287	29	True	2962.756103515625	2551.59912109375	94.0294189453125	74.33281707763672	148.38072204589844	0.6124268790194352	70858.0
ht-QQ74-17	SHAPES_DATA	5034.0	5176.0	0.9725656877897991	304.534051656723	81	90	634	2426.4189511323	2442.3563766388556	28	True	2426.452392578125	2442.5	83.63278198242188	75.8824462890625	177.1713104248047	0.4204213749348546	70858.0
ht-QQ74-17	SHAPES_DATA	5049.0	5162.5	0.9780145278450363	315.6051193475723	82	85	604	2272.517132105367	2426.7524262230145	29	True	2272.481689453125	2426.767578125	83.41248321533203	75.92344665527344	146.20928955078125	0.41413199499348424	70858.0
ht-QQ74-17	SHAPES_DATA	4218.0	4285.0	0.9843640606767795	268.0071402788162	76	76	541	1167.1251778093883	2399.4018492176388	29	True	1167.1029052734375	2399.427978515625	75.60486602783203	69.76041412353516	148.6934051513672	0.3855249514702444	70858.0
ht-QQ74-17	SHAPES_DATA	4306.0	4500.0	0.9568888888888889	292.73506212234497	84	78	606	3880.107292150488	2342.722944728286	29	True	3879.720703125	2342.87158203125	78.48942565917969	70.57706451416016	120.61183166503906	0.4375542561165001	70858.0
ht-QQ74-17	SHAPES_DATA	5780.0	6064.0	0.9531662269129287	337.9482651948929	85	94	677	1430.4410034602076	2341.551730103806	22	True	1430.6090087890625	2342.17724609375	91.07693481445312	81.50064086914062	157.50625610351562	0.44635716449166674	70858.0
ht-QQ74-17	SHAPES_DATA	5160.0	5310.0	0.9717514124293786	309.11983811855316	85	89	627	2569.765503875969	2189.760465116279	25	True	2569.819091796875	2190.189697265625	87.61519622802734	75.55403137207031	149.73683166503906	0.506330766703215	70858.0
ht-QQ74-17	SHAPES_DATA	4439.0	4522.5	0.9815367606412383	285.5634891986847	80	82	581	3000.897724712773	2180.9623789141697	31	True	3000.711669921875	2181.1318359375	80.59371185302734	69.79212951660156	142.56820678710938	0.5000875088794766	70858.0
ht-QQ74-17	SHAPES_DATA	5603.0	5990.5	0.9353142475586345	354.2325359582901	103	94	705	3567.5181152953774	2168.2095306086026	25	True	3567.304443359375	2168.423828125	103.83944702148438	70.64763641357422	129.033935546875	0.7328831670695721	70858.0
ht-QQ74-17	SHAPES_DATA	4852.0	4919.5	0.9862790934038012	294.83556735515594	79	82	588	2037.8377988458367	2112.8596455070074	28	True	2037.871337890625	2112.857666015625	80.19357299804688	75.67927551269531	159.8270721435547	0.330781155357237	70858.0
ht-QQ74-17	SHAPES_DATA	5964.0	6161.5	0.9679461170169602	356.4751765727997	94	93	650	3282.057344064386	1979.6034540576793	26	True	3282.10498046875	1979.81982421875	92.92658233642578	81.19317626953125	136.05758666992188	0.48640285310809994	70858.0
ht-QQ74-17	SHAPES_DATA	4850.0	4991.0	0.971749148467241	307.7056245803833	80	89	639	1947.158144329897	1967.778350515464	27	True	1947.326904296875	1967.9931640625	83.95206451416016	73.2245864868164	152.21066284179688	0.48911552920024615	70858.0
ht-QQ74-17	SHAPES_DATA	5497.0	5641.5	0.9743862447930515	326.97770273685455	89	83	626	1294.10824085865	1948.0714935419319	29	True	1294.38671875	1948.16796875	87.66205596923828	79.43923950195312	116.31393432617188	0.422852161364043	70858.0
ht-QQ74-17	SHAPES_DATA	4282.0	4350.0	0.984367816091954	270.0071402788162	78	77	606	1175.7979915927137	1870.9838860345633	29	True	1175.8426513671875	1870.99560546875	81.8330078125	65.78001403808594	134.45166015625	0.5948559910864198	70858.0
ht-QQ74-17	SHAPES_DATA	4097.0	4204.0	0.9745480494766888	268.83556735515594	77	78	559	2916.6192335855503	1830.3817427385893	23	True	2916.696533203125	1830.6298828125	77.06481170654297	67.41799926757812	132.41517639160156	0.484444340829548	70858.0
ht-QQ74-17	SHAPES_DATA	6031.0	6289.0	0.9589759898235014	361.546244263649	97	91	659	3986.152047753275	1831.180235450174	25	True	3986.148681640625	1831.75390625	91.58694458007812	84.74034881591797	109.90970611572266	0.37937048807979706	70858.0
ht-QQ74-17	SHAPES_DATA	5103.0	5195.0	0.9822906641000962	291.66399443149567	83	90	624	2069.920047031158	1663.5949441504997	29	True	2069.931640625	1663.6895751953125	84.64451599121094	76.24507141113281	165.39785766601562	0.4343005981129677	70858.0
ht-QQ74-17	SHAPES_DATA	3722.0	3815.0	0.9756225425950197	261.52185904979706	76	72	516	1669.6128425577647	1636.066362170876	21	True	1669.6556396484375	1636.2364501953125	72.17588806152344	65.11272430419922	118.87670135498047	0.43144432333673133	70858.0
ht-QQ74-17	SHAPES_DATA	4696.0	4772.5	0.9839706652697747	291.0782079696655	81	79	573	643.3658432708688	1564.9320698466781	27	True	643.40380859375	1565.0135498046875	80.95240020751953	72.57813262939453	129.1512451171875	0.4429360877473755	70858.0
ht-QQ74-17	SHAPES_DATA	5197.0	5322.0	0.9765125892521609	298.29141104221344	84	89	609	3487.1108331729843	1567.6163171060227	29	True	3487.251708984375	1567.7628173828125	84.3064193725586	77.71971130371094	14.72525691986084	0.3874949915876298	70858.0
ht-QQ74-17	SHAPES_DATA	4544.0	4611.5	0.985362680255882	272.3502861261368	79	79	552	2626.7625440140846	1516.3928257042253	28	True	2626.809326171875	1516.62451171875	79.32015228271484	72.42160034179688	138.09629821777344	0.4078946207074979	70858.0
ht-QQ74-17	SHAPES_DATA	4247.0	4330.0	0.9808314087759815	284.2497808933258	83	78	585	3888.6199670355545	1509.7621850718153	28	True	3888.574951171875	1509.9312744140625	81.34647369384766	65.97203826904297	127.3732681274414	0.5850453323016853	70858.0
ht-QQ74-17	SHAPES_DATA	3853.0	3963.0	0.9722432500630835	265.52185904979706	65	79	588	1811.0521671424863	1505.0433428497274	23	True	1811.18359375	1505.179443359375	79.41976928710938	60.94171905517578	162.81785583496094	0.6412441748045393	70858.0
ht-QQ74-17	SHAPES_DATA	5165.0	5267.0	0.9806341370799316	304.634556889534	87	85	655	3117.329332042594	1503.2909970958374	33	True	3117.304931640625	1503.298583984375	84.39278411865234	76.98072052001953	140.89268493652344	0.40980794088221906	70858.0
ht-QQ74-17	SHAPES_DATA	4403.0	4490.0	0.9806236080178173	292.634556889534	75	83	575	2796.7860549625257	1483.50624574154	25	True	2796.83251953125	1483.7823486328125	80.25828552246094	69.32559204101562	149.66856384277344	0.5038672152828066	70858.0
ht-QQ74-17	SHAPES_DATA	3789.0	3837.0	0.9874902267396404	254.00714027881622	79	69	490	1150.2071786751121	1406.9195038268672	26	True	1150.3006591796875	1406.9150390625	74.64981842041016	63.632564544677734	117.32655334472656	0.5228671415598504	70858.0
ht-QQ74-17	SHAPES_DATA	4902.0	5057.0	0.9693494166501878	286.0071402788162	80	88	642	2259.109343125255	1289.2272541819666	26	True	2259.0390625	1289.4266357421875	83.79817199707031	74.53328704833984	155.5347442626953	0.4570556451805268	70858.0
ht-QQ74-17	SHAPES_DATA	5409.0	5551.5	0.9743312618211294	312.8771975040436	86	93	671	2945.865039748567	1277.336661120355	26	True	2945.86328125	1277.575439453125	90.7437744140625	76.37356567382812	148.0450897216797	0.5400394126088798	70858.0
ht-QQ74-17	SHAPES_DATA	4776.0	4853.0	0.9841335256542345	291.8061298131943	80	82	555	1805.9445142378559	1270.230527638191	29	True	1806.2225341796875	1270.2659912109375	81.42642211914062	74.01117706298828	154.8224334716797	0.41694180440734924	70858.0
ht-QQ74-17	SHAPES_DATA	3793.0	3848.0	0.9857068607068608	253.76449966430664	77	72	545	3350.546533087266	1173.7598207223834	29	True	3350.615966796875	1173.97314453125	73.52861022949219	64.8930892944336	121.35700988769531	0.4702079870286046	70858.0
ht-QQ74-17	SHAPES_DATA	4698.0	4746.0	0.9898862199747156	272.9360725879669	75	86	606	1532.2243507875692	1180.8933588761174	31	True	1532.2513427734375	1180.85107421875	86.39923858642578	68.04267883300781	152.64768981933594	0.6162661638377791	70858.0
ht-QQ74-17	SHAPES_DATA	5076.0	5161.0	0.9835303235807014	292.0071402788162	82	84	612	1062.3018124507487	1062.9290780141844	25	True	1062.33935546875	1062.9505615234375	88.61477661132812	71.7310791015625	141.95809936523438	0.5871600572696303	70858.0
ht-QQ74-17	SHAPES_DATA	5697.0	5793.5	0.9833434020885475	330.7766922712326	85	90	613	3717.4609443566787	1012.9218887133579	29	True	3717.393798828125	1012.8753662109375	88.10665893554688	81.1756362915039	158.85289001464844	0.38877264155254526	70858.0
ht-QQ74-17	SHAPES_DATA	3828.0	3887.5	0.9846945337620578	260.3502861261368	73	72	517	1713.4297283176593	983.7251828631139	27	True	1713.603759765625	983.724609375	76.80323028564453	62.40041732788086	138.0708770751953	0.5830012441740955	70858.0
ht-QQ74-17	SHAPES_DATA	4949.0	5022.5	0.9853658536585366	292.3919162750244	81	87	603	2627.141038593655	959.3485552636896	28	True	2627.164794921875	959.3712158203125	83.81302642822266	74.02552032470703	156.41342163085938	0.46895485540831544	70858.0
ht-QQ74-17	SHAPES_DATA	4870.0	5011.0	0.9718619038116144	309.36247873306274	80	87	623	2954.4338809034907	911.8507186858316	26	True	2954.433349609375	911.8795776367188	86.4644775390625	70.98126983642578	154.79322814941406	0.5710290670636416	70858.0
ht-QQ74-17	SHAPES_DATA	9.0	4.5	2.0	8.828427076339722	4	3	9	1657.3333333333333	831.7777777777778	5	True	1657.453125	831.8637084960938	3.6330244541168213	2.28503680229187	88.74336242675781	0.7774354927533818	70858.0
ht-QQ74-17	SHAPES_DATA	3685.0	3778.0	0.9753838009528851	259.4213538169861	72	73	501	1620.0843962008141	832.4632293080055	23	True	1620.24462890625	832.402099609375	72.76244354248047	63.81855010986328	146.23806762695312	0.4803426687185575	70858.0
ht-QQ74-17	SHAPES_DATA	4482.0	4556.5	0.9836497311532975	274.59292674064636	77	82	592	2129.8337795626953	814.4828201695672	30	True	2130.025146484375	814.6253662109375	82.0816879272461	68.62633514404297	148.9942626953125	0.5486172416542521	70858.0
ht-QQ74-17	SHAPES_DATA	4788.0	4880.5	0.981047023870505	295.22034335136414	79	84	580	2475.4933166248957	718.2698412698413	31	True	2475.373291015625	718.3256225585938	82.9825668334961	73.07939147949219	155.51881408691406	0.47374964364905164	70858.0
ht-QQ74-17	SHAPES_DATA	5905.0	6005.5	0.9832653401049039	327.9482651948929	86	94	640	3025.808636748518	531.9910245554614	26	True	3025.69287109375	532.0469970703125	92.35730743408203	80.459716796875	176.3769989013672	0.4909661034309856	70858.0
ht-QQ74-17	SHAPES_DATA	3748.0	3793.0	0.9881360400738202	256.1076455116272	69	74	495	3433.989060832444	498.1819637139808	28	True	3433.857421875	498.2646179199219	70.81169891357422	66.56639862060547	10.25244140625	0.34104205977030516	70858.0
ht-QQ74-17	SHAPES_DATA	5797.0	5956.5	0.9732225300092336	329.6051193475723	90	89	647	3700.6731067793685	491.41141969984477	27	True	3700.549072265625	491.5475158691406	87.42732238769531	83.79496002197266	40.12588119506836	0.28525124400096513	70858.0
ht-QQ74-17	SHAPES_DATA	4361.0	4465.5	0.9765983652446535	289.5634891986847	83	76	584	1326.1543224031186	455.7207062600321	24	True	1326.1038818359375	455.6806640625	81.44416046142578	67.0179214477539	130.5279083251953	0.5682302946341496	70858.0
ht-QQ74-17	SHAPES_DATA	5166.0	5299.0	0.9749009247027741	332.43354642391205	87	88	626	888.1025938830817	317.2231900890437	29	True	888.1245727539062	317.1783142089844	84.57830810546875	76.3980712890625	151.02230834960938	0.42904715111242936	70858.0
