genotype	HEADER_SHAPES	area	hull-area	solidity	perimeter	width	height	longest_axis	center-of-mass-x	center-of-mass-y	hull_vertices	in_bounds	ellipse_center_x	ellipse_center_y	ellipse_major_axis	ellipse_minor_axis	ellipse_angle	ellipse_eccentricity	marker_area
ht-QQ74-11	SHAPES_DATA	4076.0	4254.0	0.9581570286788904	286.73506212234497	77	77	546	3467.6724730127576	2700.332433758587	25	True	3467.656005859375	2700.51318359375	74.13758850097656	69.79972839355469	139.12863159179688	0.33704354736221837	69934.0
ht-QQ74-11	SHAPES_DATA	5552.0	5810.0	0.9555938037865749	343.11983811855316	87	87	662	622.5471902017291	2559.815561959654	26	True	622.6867065429688	2560.021240234375	85.823974609375	82.57032775878906	162.4973907470703	0.27273462651806213	69934.0
ht-QQ74-11	SHAPES_DATA	3850.0	3880.0	0.9922680412371134	249.62236428260803	69	73	526	1204.2480519480519	2552.8187012987014	23	True	1204.2265625	2552.859619140625	73.45570373535156	65.62122344970703	166.32652282714844	0.44937314559161606	69934.0
ht-QQ74-11	SHAPES_DATA	5602.0	5806.5	0.9647808490484802	329.11983811855316	90	88	642	3932.8534451981436	2518.072295608711	23	True	3932.79541015625	2518.2119140625	89.25377655029297	79.2917709350586	140.54148864746094	0.45909803285570067	69934.0
ht-QQ74-11	SHAPES_DATA	6393.0	7229.0	0.8843546825287039	417.5878744125366	82	134	935	2777.191146566557	2532.6816830908806	24	True	2777.50341796875	2532.32763671875	125.58738708496094	72.53968048095703	4.692965507507324	0.816317651531655	69934.0
ht-QQ74-11	SHAPES_DATA	4667.0	4847.5	0.9627643115007736	327.8477599620819	77	88	622	2114.8386543818297	2500.784229697879	29	True	2114.759033203125	2500.7509765625	85.77091979980469	68.45494842529297	155.53843688964844	0.602506829504436	69934.0
ht-QQ74-11	SHAPES_DATA	3875.0	3970.5	0.9759476136506737	262.0071402788162	77	70	548	3281.851612903226	2418.1171612903227	27	True	3281.898681640625	2418.200439453125	75.79905700683594	63.86941909790039	122.55956268310547	0.5385165137956958	69934.0
ht-QQ74-11	SHAPES_DATA	3954.0	4010.5	0.9859119810497444	264.2497808933258	70	79	530	2301.0723318158825	2381.610268082954	31	True	2301.08544921875	2381.664306640625	75.42373657226562	65.75482940673828	163.05877685546875	0.48985216780291757	69934.0
ht-QQ74-11	SHAPES_DATA	4475.0	4532.0	0.9874227714033539	276.14927566051483	77	80	553	1733.2424581005587	2343.432402234637	30	True	1733.3172607421875	2343.585693359375	77.59687805175781	72.59996795654297	14.229942321777344	0.35305057702678483	69934.0
ht-QQ74-11	SHAPES_DATA	4097.0	4263.5	0.9609475782807553	284.2497808933258	72	83	597	1937.810104954845	2260.5879912130827	26	True	1938.0792236328125	2260.818603515625	82.14417266845703	63.200828552246094	151.7453155517578	0.6387804475293282	69934.0
ht-QQ74-11	SHAPES_DATA	4118.0	4212.5	0.977566765578635	276.97770273685455	77	73	509	1416.1685284118505	2226.988343856241	24	True	1416.248046875	2227.101318359375	74.14901733398438	69.91242980957031	111.0133285522461	0.3331782004504414	69934.0
ht-QQ74-11	SHAPES_DATA	5273.0	5479.0	0.9624018981565979	346.2325359582901	88	85	633	867.6089512611417	2174.149819836905	29	True	868.0269775390625	2174.56640625	84.62248992919922	80.2392578125	131.85308837890625	0.31766647563020317	69934.0
ht-QQ74-11	SHAPES_DATA	3849.0	3923.5	0.9810118516630559	253.86500489711761	74	74	476	2848.551831644583	2163.8817874772667	27	True	2848.441162109375	2163.968505859375	70.18045806884766	68.66844940185547	134.8224639892578	0.20645821832958794	69934.0
ht-QQ74-11	SHAPES_DATA	4964.0	5118.0	0.9699101211410708	300.04877042770386	81	88	637	2576.132755842063	2156.7252215954877	27	True	2576.0810546875	2156.89501953125	87.44258117675781	72.06542205810547	150.64120483398438	0.5663779334383329	69934.0
ht-QQ74-11	SHAPES_DATA	4213.0	4312.5	0.9769275362318841	277.90663504600525	69	83	579	3683.036078803703	2123.34749584619	28	True	3683.076416015625	2123.4482421875	80.03425598144531	66.1729965209961	175.14854431152344	0.562483636220532	69934.0
ht-QQ74-11	SHAPES_DATA	3675.0	3763.5	0.9764846552411319	267.0782079696655	71	73	508	476.734693877551	2121.0691156462585	24	True	476.8343200683594	2121.32421875	75.26594543457031	61.23723220825195	33.0189323425293	0.581409037424914	69934.0
ht-QQ74-11	SHAPES_DATA	3085.0	3168.5	0.9736468360422913	255.52185904979706	62	71	512	2227.909562398703	2098.5173419773096	27	True	2228.16552734375	2099.317138671875	68.99919128417969	57.512672424316406	152.93386840820312	0.5524790843627663	69934.0
ht-QQ74-11	SHAPES_DATA	4082.0	4108.5	0.9935499574053791	254.83556735515594	75	72	507	1616.825820676139	2031.6859382655562	26	True	1616.838623046875	2031.6939697265625	74.17597961425781	68.68589782714844	122.85643005371094	0.3775585357539484	69934.0
ht-QQ74-11	SHAPES_DATA	5447.0	5540.0	0.9832129963898917	303.3208485841751	88	86	626	3358.9720947310448	2000.3045713236645	29	True	3358.89599609375	2000.3577880859375	88.29544830322266	77.81664276123047	134.3307342529297	0.4725178261018917	69934.0
ht-QQ74-11	SHAPES_DATA	3862.0	3952.0	0.9772267206477733	270.83556735515594	72	78	539	1854.916623511134	1886.9950802692906	27	True	1854.93408203125	1887.228759765625	74.09817504882812	65.78282165527344	157.27879333496094	0.46026950586459153	69934.0
ht-QQ74-11	SHAPES_DATA	4548.0	4656.5	0.9766992376248255	282.14927566051483	79	86	634	2853.8416886543537	1845.2570360598065	27	True	2853.833740234375	1845.612060546875	81.77001190185547	70.9559326171875	156.55963134765625	0.4970008408946647	69934.0
ht-QQ74-11	SHAPES_DATA	4897.0	5024.0	0.9747213375796179	300.0071402788162	83	80	622	701.3794159689606	1783.010414539514	28	True	701.408447265625	1782.9937744140625	83.85697937011719	73.1028823852539	124.4798583984375	0.489939058884685	69934.0
ht-QQ74-11	SHAPES_DATA	3568.0	3626.0	0.9840044125758411	237.86500489711761	71	71	481	1265.9265695067265	1763.4262892376682	26	True	1265.8472900390625	1763.539794921875	67.84083557128906	65.70489501953125	4.685401916503906	0.24895359174537204	69934.0
ht-QQ74-11	SHAPES_DATA	1154.0	1175.5	0.981709910676308	148.36753106117249	31	51	342	1676.6100519930676	1728.137781629116	19	True	1676.5272216796875	1728.6114501953125	50.420494079589844	28.67529296875	175.0236053466797	0.8225291406986828	69934.0
ht-QQ74-11	SHAPES_DATA	4173.0	4225.5	0.9875754348597799	264.9360725879669	77	73	533	982.2779774742392	1707.8854541097533	30	True	982.32373046875	1707.892578125	75.64442443847656	68.62631225585938	123.0457992553711	0.4206514157825219	69934.0
ht-QQ74-11	SHAPES_DATA	5511.0	5776.5	0.9540379122305894	325.4629839658737	93	89	636	3913.6539647976774	1710.9831246597714	25	True	3913.7294921875	1711.3013916015625	90.79602813720703	77.86013793945312	132.4301300048828	0.5144372658038046	69934.0
ht-QQ74-11	SHAPES_DATA	3829.0	3948.5	0.9697353425351399	279.11983811855316	73	74	529	3158.568555758684	1701.2081483416036	23	True	3158.523193359375	1701.5299072265625	72.80794525146484	66.53590393066406	128.15634155273438	0.4060407134676553	69934.0
ht-QQ74-11	SHAPES_DATA	3445.0	3469.5	0.9929384637555844	231.13708305358887	68	68	474	2417.7172714078374	1674.9567489114659	25	True	2417.81689453125	1674.93212890625	66.5356674194336	64.62998962402344	137.48394775390625	0.23761852119146573	69934.0
ht-QQ74-11	SHAPES_DATA	3904.0	4062.5	0.9609846153846154	262.0071402788162	73	77	530	1544.951844262295	1666.30993852459	24	True	1545.072021484375	1666.54931640625	73.7357406616211	67.31641387939453	157.68109130859375	0.4080905680977514	69934.0
ht-QQ74-11	SHAPES_DATA	3443.0	3495.5	0.9849806894578744	238.20815074443817	70	71	520	1994.5715945396457	1659.4310194597736	26	True	1994.520751953125	1659.5009765625	68.46183013916016	63.20576858520508	147.9503173828125	0.3842564572056706	69934.0
ht-QQ74-11	SHAPES_DATA	4182.0	4249.0	0.9842315839020946	275.3208485841751	77	80	563	2859.631276901004	1618.1987087517934	31	True	2859.768798828125	1618.359619140625	77.95306396484375	67.89313507080078	146.2890625	0.4913736042709873	69934.0
ht-QQ74-11	SHAPES_DATA	3787.0	3892.5	0.9728965960179833	262.2497808933258	73	76	554	2666.80908370742	1544.5146554000528	25	True	2666.83935546875	1544.544677734375	75.53285217285156	63.02151870727539	143.65878295898438	0.5512213505934854	69934.0
ht-QQ74-11	SHAPES_DATA	5882.0	6077.5	0.9678321678321679	332.29141104221344	94	85	723	3589.8041482488948	1531.162189731384	29	True	3589.953857421875	1531.2265625	93.43753814697266	81.43779754638672	63.82483673095703	0.4902626656882635	69934.0
ht-QQ74-11	SHAPES_DATA	1542.0	1643.0	0.938527084601339	206.7939372062683	64	38	433	3340.950713359274	1506.1238651102465	19	True	3340.734130859375	1505.746826171875	59.43009948730469	33.23420333862305	100.10653686523438	0.8290226649483777	69934.0
ht-QQ74-11	SHAPES_DATA	3698.0	3752.5	0.9854763491005996	254.45079135894775	63	82	568	2121.1968631692807	1468.5200108166578	24	True	2121.403076171875	1468.6173095703125	79.03133392333984	58.84996032714844	162.3834686279297	0.6674653489993587	69934.0
ht-QQ74-11	SHAPES_DATA	5741.0	6038.0	0.9508115269956939	382.8599525690079	95	93	648	3959.1229750914476	1463.4014979968647	24	True	3959.016845703125	1463.83984375	93.36039733886719	79.03239440917969	133.95350646972656	0.5323407238588536	69934.0
ht-QQ74-11	SHAPES_DATA	4697.0	4788.0	0.9809941520467836	300.29141104221344	80	85	637	500.54886097509046	1454.8120076644666	30	True	500.47113037109375	1455.0045166015625	80.91886138916016	73.50882720947266	165.225341796875	0.4180448985186592	69934.0
ht-QQ74-11	SHAPES_DATA	3871.0	3904.0	0.991547131147541	257.62236428260803	77	68	588	878.168431929734	1405.763110307414	28	True	878.2162475585938	1405.80859375	78.65742492675781	61.289039611816406	119.02295684814453	0.6267884195284767	69934.0
ht-QQ74-11	SHAPES_DATA	4168.0	4294.0	0.9706567303213787	285.0782079696655	81	72	573	1170.073896353167	1384.0069577735126	28	True	1170.05615234375	1383.9891357421875	79.64281463623047	65.50811767578125	117.62559509277344	0.5687305609739179	69934.0
ht-QQ74-11	SHAPES_DATA	4935.0	5025.5	0.9819918416078002	292.73506212234497	84	79	570	1773.5511651469099	1373.7262411347517	31	True	1773.4676513671875	1373.720458984375	81.23123931884766	75.7357177734375	127.99580383300781	0.3615642626875637	69934.0
ht-QQ74-11	SHAPES_DATA	3749.0	3865.0	0.969987063389392	266.4924215078354	73	74	527	1332.4529207788744	1257.2819418511604	30	True	1332.5037841796875	1257.30224609375	74.51348876953125	63.161048889160156	142.96673583984375	0.5305624632717918	69934.0
ht-QQ74-11	SHAPES_DATA	3806.0	3855.0	0.9872892347600519	259.52185904979706	69	75	523	1740.9561219127693	1242.9858118759853	25	True	1740.903564453125	1243.04296875	74.54047393798828	63.581878662109375	155.8291778564453	0.5219360297496134	69934.0
ht-QQ74-11	SHAPES_DATA	5103.0	5197.0	0.9819126419087936	306.04877042770386	82	86	588	3234.7064471879285	1226.3319615912208	31	True	3234.684814453125	1226.3521728515625	83.58768463134766	76.39898681640625	157.53536987304688	0.4057184147697292	69934.0
ht-QQ74-11	SHAPES_DATA	3487.0	3575.5	0.9752482170325829	251.37972366809845	68	70	493	584.3888729566963	1219.6790937768856	23	True	584.4635009765625	1219.71484375	72.23245239257812	60.09598922729492	149.60684204101562	0.554804928075318	69934.0
ht-QQ74-11	SHAPES_DATA	4603.0	4711.5	0.9769712405815558	301.4629839658737	79	83	586	2321.820769063654	1198.9224418857268	29	True	2321.913330078125	1199.072021484375	81.70238494873047	71.39903259277344	146.5799102783203	0.48612073726987726	69934.0
ht-QQ74-11	SHAPES_DATA	6401.0	7108.5	0.9004712667932756	396.19090580940247	123	81	813	2077.3747851898142	1189.9047023902515	23	True	2077.747802734375	1190.16796875	117.51923370361328	77.4001235961914	77.89009094238281	0.7524786462142143	69934.0
ht-QQ74-11	SHAPES_DATA	6000.0	6259.0	0.9586195877935773	359.4041088819504	95	94	672	4010.273	1160.7808333333332	24	True	4009.873046875	1160.807861328125	88.56510925292969	86.72893524169922	153.95706176757812	0.20257126312117346	69934.0
ht-QQ74-11	SHAPES_DATA	3902.0	3935.5	0.991487739804345	251.07820796966553	72	77	530	2562.1729882111736	1086.5307534597641	29	True	2561.967041015625	1086.65673828125	73.45697021484375	67.25032806396484	154.16212463378906	0.40230335443939574	69934.0
ht-QQ74-11	SHAPES_DATA	4316.0	4466.0	0.9664128974473802	290.3919162750244	83	77	572	3525.00046339203	1032.5238646895273	29	True	3525.107421875	1032.6943359375	76.62647247314453	70.98843383789062	104.75010681152344	0.37648727183549496	69934.0
ht-QQ74-11	SHAPES_DATA	5486.0	5589.5	0.9814831380266571	307.0782079696655	84	90	638	2891.360554137805	975.914691943128	31	True	2891.361572265625	975.9298095703125	89.21198272705078	77.36470031738281	156.1485595703125	0.4979586534641236	69934.0
ht-QQ74-11	SHAPES_DATA	3915.0	4072.0	0.9614440078585462	319.26197350025177	71	84	604	1719.8319284802044	964.5540229885057	25	True	1719.8358154296875	964.8548583984375	85.82467651367188	57.974937438964844	146.567626953125	0.737356053750502	69934.0
ht-QQ74-11	SHAPES_DATA	4813.0	4934.0	0.9754762869882448	309.8061298131943	75	89	623	1038.529815084147	933.4317473509245	25	True	1038.5172119140625	933.203125	92.00035095214844	65.9050521850586	151.6563262939453	0.6977344205663103	69934.0
ht-QQ74-11	SHAPES_DATA	3753.0	3783.5	0.9919386811153693	252.55129659175873	73	71	516	1478.3589128697042	892.6229682920331	33	True	1478.3031005859375	892.6416625976562	77.02628326416016	60.61057662963867	132.02049255371094	0.6171038083797392	69934.0
ht-QQ74-11	SHAPES_DATA	10.0	6.5	1.5384615384615385	13.656854152679443	7	3	13	2516.9	841.1	5	True	2516.929443359375	841.063720703125	4.988028526306152	2.0131137371063232	89.6905288696289	0.9149403651571087	69934.0
ht-QQ74-11	SHAPES_DATA	4809.0	4932.5	0.9749619868220983	295.7056245803833	82	86	599	2227.993969640258	839.4343938448742	27	True	2228.17236328125	839.3955078125	85.62385559082031	71.31272888183594	146.66090393066406	0.5534829305576582	69934.0
ht-QQ74-11	SHAPES_DATA	5972.0	6186.5	0.9653277297340984	350.9188276529312	93	94	617	4042.9469189551237	820.6435030140657	24	True	4042.805419921875	820.6357421875	90.70658111572266	83.47966766357422	149.7418212890625	0.3911511055953575	69934.0
ht-QQ74-11	SHAPES_DATA	4304.0	4366.0	0.9857993586807147	283.22034335136414	75	82	586	2508.2862453531598	797.6956319702603	23	True	2508.3154296875	797.9907836914062	81.6087875366211	66.80233764648438	145.09866333007812	0.5744097114745108	69934.0
ht-QQ74-11	SHAPES_DATA	4476.0	4559.0	0.9817942531256855	281.66399443149567	74	82	577	2962.586237712243	773.4439231456657	27	True	2962.6005859375	773.475341796875	80.68762969970703	69.29906463623047	162.37612915039062	0.5122169109409915	69934.0
ht-QQ74-11	SHAPES_DATA	5184.0	5379.0	0.9637479085331846	313.9482651948929	89	80	599	3770.0117669753085	718.6068672839506	27	True	3770.08837890625	718.6195678710938	82.60542297363281	79.21603393554688	93.26716613769531	0.28351118968561184	69934.0
ht-QQ74-11	SHAPES_DATA	4842.0	4955.0	0.9771947527749748	307.4629839658737	80	85	606	794.3389095415117	688.1695580338703	26	True	794.4719848632812	688.2071533203125	84.2761459350586	72.2073974609375	149.07882690429688	0.5156568454133503	69934.0
ht-QQ74-11	SHAPES_DATA	3838.0	3923.5	0.9782082324455206	259.76449966430664	71	81	574	1406.1938509640438	676.3092756644086	27	True	1406.4317626953125	676.2830810546875	79.1634750366211	61.5465202331543	151.7151641845703	0.6289310615561821	69934.0
ht-QQ74-11	SHAPES_DATA	3735.0	3849.5	0.9702558773866736	270.0071402788162	71	74	524	473.6744310575636	631.5748326639892	23	True	473.834716796875	631.5927124023438	77.41600799560547	60.48964309692383	142.954833984375	0.6240826488421257	69934.0
ht-QQ74-11	SHAPES_DATA	4236.0	4357.5	0.9721170395869191	290.534051656723	71	85	616	1186.5557129367328	593.7386685552408	29	True	1186.5965576171875	593.8217163085938	84.00249481201172	63.607025146484375	158.0758514404297	0.6531784604645796	69934.0
ht-QQ74-11	SHAPES_DATA	5288.0	5339.0	0.9904476493725417	291.3208485841751	83	87	574	1694.660741301059	530.0799924357035	29	True	1694.803466796875	530.1062622070312	85.86611938476562	77.30374908447266	154.29763793945312	0.435306496701226	69934.0
ht-QQ74-11	SHAPES_DATA	3712.0	3770.5	0.9844848163373557	246.20815074443817	70	73	505	2147.536907327586	515.8841594827586	23	True	2147.613525390625	515.9205932617188	72.8267822265625	63.78029251098633	160.84457397460938	0.48270913886402766	69934.0
ht-QQ74-11	SHAPES_DATA	4216.0	4330.0	0.9736720554272518	278.9360725879669	76	77	520	3261.8417931688805	482.83799810246677	24	True	3261.755615234375	482.9079895019531	75.0588150024414	70.66202545166016	165.64407348632812	0.33723059554251406	69934.0
ht-QQ74-11	SHAPES_DATA	4375.0	4468.5	0.9790757524896497	274.3502861261368	71	81	566	2506.3168	477.2352	32	True	2506.399658203125	477.2179870605469	79.70488739013672	69.12944030761719	164.5802001953125	0.49775538906992356	69934.0
ht-QQ74-11	SHAPES_DATA	4414.0	4525.5	0.9753618384708872	291.4629839658737	75	82	571	3491.2362936112368	470.4302220208428	25	True	3491.225830078125	470.3094482421875	77.5301742553711	71.2179946899414	176.9235382080078	0.3952252898007944	69934.0
ht-QQ74-11	SHAPES_DATA	3891.0	3976.5	0.978498679743493	261.0782079696655	74	77	557	1445.598303777949	465.254433307633	28	True	1445.84033203125	465.23406982421875	78.82024383544922	62.03664016723633	145.58493041992188	0.616870315611726	69934.0
ht-QQ74-11	SHAPES_DATA	4427.0	4549.0	0.9731809188832711	291.90663504600525	78	81	594	2971.9030946464873	413.1452450869663	27	True	2971.88427734375	413.2130432128906	83.74125671386719	66.4751968383789	142.28805541992188	0.6081572654504946	69934.0
ht-QQ74-11	SHAPES_DATA	6379.0	6551.0	0.9737444664936651	356.4751765727997	94	96	661	3974.167267596802	418.18858755290796	27	True	3973.748779296875	418.18597412109375	91.77625274658203	88.6564712524414	171.38211059570312	0.25851718624678005	69934.0
ht-QQ74-11	SHAPES_DATA	5412.0	5569.5	0.9717209803393483	315.7056245803833	86	92	604	3755.8937546193642	312.70048041389504	26	True	3755.677001953125	312.8186950683594	86.25856018066406	79.9175796508789	176.48593139648438	0.3763226327103179	69934.0
