genotype	HEADER_SHAPES	area	hull-area	solidity	perimeter	width	height	longest_axis	center-of-mass-x	center-of-mass-y	hull_vertices	in_bounds	ellipse_center_x	ellipse_center_y	ellipse_major_axis	ellipse_minor_axis	ellipse_angle	ellipse_eccentricity	marker_area
ht-QQ74-50	SHAPES_DATA	3162.0	3277.0	0.9649069270674397	234.40916121006012	65	66	502	1888.1363061353575	2675.6296647691333	21	True	1888.21337890625	2675.873046875	64.51814270019531	62.08827209472656	3.135026454925537	0.2718551547739084	68382.0
ht-QQ74-50	SHAPES_DATA	2869.0	2943.5	0.9746899949040259	223.13708305358887	56	69	534	1973.1014290693622	2578.298361798536	23	True	1973.3243408203125	2578.54833984375	68.69017791748047	52.79930114746094	165.98646545410156	0.6396591602252304	68382.0
ht-QQ74-50	SHAPES_DATA	981.0	972.5	1.0087403598971723	124.91168737411499	38	33	268	717.4954128440367	2557.189602446483	22	True	717.444091796875	2557.177978515625	36.938133239746094	32.49296951293945	65.0233154296875	0.47560451512898	68382.0
ht-QQ74-50	SHAPES_DATA	3240.0	3279.0	0.9881061299176578	237.37972366809845	64	66	496	3760.0777777777776	2545.0376543209877	24	True	3760.120361328125	2545.01953125	69.26325225830078	58.336849212646484	139.55050659179688	0.539089953138697	68382.0
ht-QQ74-50	SHAPES_DATA	3712.0	3799.5	0.9769706540334254	253.1787132024765	75	72	516	3517.3216594827586	2535.958243534483	23	True	3517.51220703125	2536.118408203125	74.69954681396484	62.50105667114258	134.39344787597656	0.5476625996097405	68382.0
ht-QQ74-50	SHAPES_DATA	3413.0	3521.5	0.9691892659378106	254.1076455116272	60	80	560	1699.8329915030765	2537.223263990624	29	True	1699.9130859375	2537.827880859375	76.29289245605469	56.93486404418945	179.58209228515625	0.6656467844138845	68382.0
ht-QQ74-50	SHAPES_DATA	3247.0	3356.0	0.9675208581644815	252.2497808933258	66	72	511	3019.0135509701263	2478.3923621804743	20	True	3019.107177734375	2478.3740234375	73.4443588256836	55.82202911376953	151.8252410888672	0.6498543409593827	68382.0
ht-QQ74-50	SHAPES_DATA	3313.0	3413.0	0.9707002636976267	241.37972366809845	67	72	528	2279.141865378811	2431.244491397525	26	True	2279.123779296875	2431.394287109375	71.32433319091797	58.525997161865234	146.42755126953125	0.5715583365851328	68382.0
ht-QQ74-50	SHAPES_DATA	2584.0	2683.5	0.9629215576672256	234.7939372062683	59	59	455	600.1431888544892	2405.1993034055727	23	True	600.3085327148438	2405.2685546875	58.073490142822266	55.819705963134766	162.53701782226562	0.27588438861103953	68382.0
ht-QQ74-50	SHAPES_DATA	2728.0	2756.0	0.9898403483309144	214.06601536273956	60	57	448	1075.6942815249267	2385.407258064516	26	True	1075.6710205078125	2385.443603515625	59.48659133911133	57.13312530517578	66.81625366210938	0.27849722641430197	68382.0
ht-QQ74-50	SHAPES_DATA	3547.0	3651.0	0.9715146535195837	254.59292674064636	68	75	513	3601.004792782633	2319.629828023682	26	True	3601.079833984375	2319.66455078125	70.84568786621094	62.92755126953125	179.8714599609375	0.459391224576252	68382.0
ht-QQ74-50	SHAPES_DATA	2833.0	2882.0	0.9829979181124219	219.5807341337204	60	63	457	1279.3639251676668	2302.413342746205	26	True	1279.417724609375	2302.406494140625	62.03635025024414	56.891624450683594	157.0111541748047	0.3987281417505437	68382.0
ht-QQ74-50	SHAPES_DATA	1954.0	1991.5	0.9811699723826262	194.75230705738068	44	62	420	2298.0281473899695	2250.3505629477995	25	True	2297.929443359375	2250.571044921875	60.754722595214844	40.11585235595703	6.725821018218994	0.751009042571332	68382.0
ht-QQ74-50	SHAPES_DATA	3184.0	3234.5	0.9843870768279487	234.00714027881622	65	67	465	2118.514447236181	2180.468592964824	23	True	2118.543212890625	2180.52685546875	64.04314422607422	62.20820236206055	138.44802856445312	0.2376602329203363	68382.0
ht-QQ74-50	SHAPES_DATA	2867.0	2925.5	0.9800034182191079	246.69343197345734	64	65	462	2818.928496686432	2132.3976281827695	22	True	2819.08984375	2132.6982421875	66.08668518066406	53.98564529418945	138.9690704345703	0.5767914942676714	68382.0
ht-QQ74-50	SHAPES_DATA	1173.0	1186.5	0.988621997471555	141.29646337032318	49	33	331	3631.074168797954	2046.4808184143224	21	True	3630.9912109375	2046.4461669921875	48.0986328125	29.9985408782959	92.52206420898438	0.781673370732572	68382.0
ht-QQ74-50	SHAPES_DATA	2976.0	3009.0	0.9890329012961117	228.55129659175873	62	62	439	765.8051075268817	2044.8988575268818	27	True	765.8292236328125	2044.93017578125	61.62004089355469	60.0899658203125	164.9771728515625	0.2214611399167152	68382.0
ht-QQ74-50	SHAPES_DATA	10.0	5.5	1.8181818181818181	9.656854152679443	3	5	11	2417.1	1977.9	6	True	2417.0380859375	1977.834716796875	3.944016456604004	2.1141517162323	175.0362091064453	0.8441924010107178	68382.0
ht-QQ74-50	SHAPES_DATA	3574.0	3630.5	0.9844374053160722	245.62236428260803	71	73	504	3299.9672635702295	1986.14633463906	23	True	3300.000244140625	1986.504638671875	72.36624908447266	62.93986511230469	133.69583129882812	0.4935091524702093	68382.0
ht-QQ74-50	SHAPES_DATA	2670.0	2723.0	0.9805361733382298	219.9655101299286	58	63	424	2389.327715355805	1971.123970037453	28	True	2389.300048828125	1971.128173828125	60.481414794921875	55.053096771240234	160.1781005859375	0.4140631352748279	68382.0
ht-QQ74-50	SHAPES_DATA	3409.0	3453.0	0.9872574572835215	253.27921843528748	61	72	520	1699.5978292754473	1949.2097389263713	22	True	1699.572021484375	1949.291015625	71.48677062988281	59.4699592590332	169.59140014648438	0.5549231647408285	68382.0
ht-QQ74-50	SHAPES_DATA	2303.0	2358.5	0.9764680941276235	218.40916121006012	55	59	411	2321.30568823274	1864.662613981763	23	True	2321.342529296875	1864.704833984375	57.33198928833008	49.845733642578125	168.5306396484375	0.49406896979409903	68382.0
ht-QQ74-50	SHAPES_DATA	3202.0	3222.0	0.9937926753569212	224.89444243907928	65	63	481	1518.1602123672706	1864.6445971267958	25	True	1518.1756591796875	1864.6182861328125	65.08182525634766	61.29544448852539	100.48031616210938	0.3361142324194632	68382.0
ht-QQ74-50	SHAPES_DATA	3656.0	3716.5	0.983721243105072	257.1787132024765	74	70	504	3727.890864332604	1815.574398249453	27	True	3727.83544921875	1815.764892578125	71.44450378417969	64.26548767089844	121.85749053955078	0.43688743194983276	68382.0
ht-QQ74-50	SHAPES_DATA	3328.0	3408.5	0.9763825729793164	234.55129659175873	67	71	492	1811.990985576923	1778.96875	28	True	1812.0743408203125	1779.07861328125	69.07987213134766	60.779296875	147.31698608398438	0.4752683352666057	68382.0
ht-QQ74-50	SHAPES_DATA	2978.0	3102.5	0.9598710717163578	235.13708305358887	70	64	528	2676.6621893888514	1751.6212222968436	26	True	2676.695068359375	1751.9346923828125	70.69267272949219	54.13948440551758	123.95800018310547	0.6430276738919234	68382.0
ht-QQ74-50	SHAPES_DATA	3073.0	3136.5	0.9797545034273872	232.20815074443817	62	71	496	3350.252196550602	1752.7321835340058	23	True	3350.205810546875	1752.763916015625	67.72355651855469	56.86961364746094	163.74192810058594	0.5430016217646215	68382.0
ht-QQ74-50	SHAPES_DATA	2589.0	2635.0	0.9825426944971537	209.33809351921082	59	58	415	1100.4156044804945	1664.3538045577443	28	True	1100.4178466796875	1664.4349365234375	56.88969039916992	56.47257614135742	10.077651977539062	0.12087269561953598	68382.0
ht-QQ74-50	SHAPES_DATA	3370.0	3432.0	0.9819347319347319	238.30865597724915	71	61	531	1352.4626112759645	1594.3750741839763	24	True	1352.470458984375	1594.3812255859375	71.06858825683594	59.27724075317383	103.06888580322266	0.5516359993264355	68382.0
ht-QQ74-50	SHAPES_DATA	3356.0	3414.5	0.9828671840679455	234.69343197345734	67	70	481	2600.922228843862	1573.3253873659119	23	True	2600.9638671875	1573.377197265625	65.89659881591797	63.53411102294922	15.673713684082031	0.2653630520656516	68382.0
ht-QQ74-50	SHAPES_DATA	3301.0	3373.5	0.9785089669482733	242.20815074443817	68	67	484	587.9578915480157	1535.3665555892153	25	True	588.078125	1535.3507080078125	65.9899673461914	62.7022819519043	133.2520751953125	0.3117047414098787	68382.0
ht-QQ74-50	SHAPES_DATA	2291.0	2317.5	0.9885652642934196	203.48022890090942	56	56	406	1856.85508511567	1472.3954604975993	25	True	1856.876953125	1472.5455322265625	56.33774185180664	50.822608947753906	129.09376525878906	0.43151472398564394	68382.0
ht-QQ74-50	SHAPES_DATA	3725.0	3776.0	0.9864936440677966	244.69343197345734	69	76	528	2996.874630872483	1423.3076510067115	28	True	2996.805419921875	1423.3245849609375	73.59365844726562	63.29990768432617	153.25161743164062	0.5100795944358519	68382.0
ht-QQ74-50	SHAPES_DATA	3123.0	3174.0	0.9839319470699432	237.76449966430664	66	68	466	2760.205891770733	1401.3570284982388	27	True	2760.140625	1401.515625	64.34603881835938	60.87446594238281	148.91741943359375	0.3240253971962497	68382.0
ht-QQ74-50	SHAPES_DATA	4705.0	4953.5	0.9498334510951852	304.43354642391205	84	86	613	3826.5056323060576	1366.201062699256	24	True	3826.50830078125	1366.8944091796875	83.47157287597656	73.1968765258789	139.2339630126953	0.48065855159172494	68382.0
ht-QQ74-50	SHAPES_DATA	3931.0	3989.5	0.9853365083343777	272.2497808933258	77	71	550	3493.978377003307	1334.2149580259477	26	True	3493.802978515625	1334.2017822265625	73.53170013427734	66.83718872070312	124.09500885009766	0.41688883752349937	68382.0
ht-QQ74-50	SHAPES_DATA	3211.0	3267.0	0.982858891949801	231.722869515419	64	68	509	2283.930551230146	1316.1996262846465	24	True	2283.85107421875	1316.2613525390625	66.90489196777344	60.08518981933594	150.99046325683594	0.4398552006794048	68382.0
ht-QQ74-50	SHAPES_DATA	3203.0	3239.5	0.9887328291402995	232.35028612613678	68	67	489	1303.8167343115829	1217.0265376209804	26	True	1303.7320556640625	1216.9794921875	70.10822296142578	57.1634407043457	129.71591186523438	0.578954289810655	68382.0
ht-QQ74-50	SHAPES_DATA	3991.0	4089.0	0.9760332599657618	266.20815074443817	77	70	554	4096.058882485592	1185.694562766224	22	True	4096.09912109375	1185.586181640625	73.59774780273438	68.13726043701172	117.13152313232422	0.3779982119010679	68382.0
ht-QQ74-50	SHAPES_DATA	3479.0	3557.0	0.9780714084903008	251.0365778207779	68	69	487	693.5872377119862	1186.2707674619144	22	True	693.6055297851562	1186.2540283203125	67.69303131103516	64.05157470703125	154.0857696533203	0.32356387549484517	68382.0
ht-QQ74-50	SHAPES_DATA	2919.0	2969.0	0.9831593128999663	216.89444243907928	63	65	485	1483.5875299760191	1169.4840698869475	25	True	1483.69775390625	1169.4969482421875	64.67388153076172	56.182525634765625	155.79205322265625	0.49532977491120966	68382.0
ht-QQ74-50	SHAPES_DATA	3079.0	3124.5	0.9854376700272044	224.55129659175873	62	68	484	2711.8937966872363	1155.0665800584604	27	True	2711.9453125	1155.2144775390625	65.24079895019531	59.11247634887695	179.93997192382812	0.4231361720771656	68382.0
ht-QQ74-50	SHAPES_DATA	2704.0	2769.0	0.9765258215962441	212.89444243907928	58	63	464	928.1734467455622	1141.1656804733727	20	True	928.1222534179688	1141.1561279296875	63.163936614990234	53.34621810913086	162.7236785888672	0.5354488477867542	68382.0
ht-QQ74-50	SHAPES_DATA	2982.0	3055.0	0.9761047463175123	237.1787132024765	67	63	469	3316.1596244131456	1124.336686787391	21	True	3316.077880859375	1124.32568359375	65.11268615722656	57.06726837158203	121.65061950683594	0.4815137221222783	68382.0
ht-QQ74-50	SHAPES_DATA	3669.0	3731.5	0.9832507034704543	253.86500489711761	69	71	485	1851.285091305533	1028.75769964568	26	True	1851.2120361328125	1028.8148193359375	69.1572036743164	66.23170471191406	172.80023193359375	0.28777568275886695	68382.0
ht-QQ74-50	SHAPES_DATA	2275.0	2317.0	0.9818731117824774	191.82337474822998	56	58	382	1595.3903296703297	907.3441758241759	19	True	1595.4114990234375	907.3602294921875	56.13755798339844	50.80046463012695	2.7102129459381104	0.4255640738464694	68382.0
ht-QQ74-50	SHAPES_DATA	3181.0	3283.0	0.9689308559244594	247.1787132024765	67	71	484	3445.9710782772713	868.8767683118516	22	True	3445.8662109375	868.908447265625	66.68104553222656	60.28574752807617	174.5648193359375	0.4273395294823805	68382.0
ht-QQ74-50	SHAPES_DATA	3897.0	3934.5	0.9904689287075867	251.37972366809845	68	76	506	3010.513215293816	818.1367718758019	26	True	3010.526123046875	818.0238037109375	75.34188079833984	64.78356170654297	174.12777709960938	0.5105278430671297	68382.0
ht-QQ74-50	SHAPES_DATA	2478.0	2499.5	0.9913982796559312	204.16652059555054	56	58	464	1158.3789346246974	787.5343018563358	23	True	1158.349609375	787.4578247070312	60.23784255981445	51.090457916259766	154.3334503173828	0.5297632786768985	68382.0
ht-QQ74-50	SHAPES_DATA	3567.0	3613.0	0.9872681981732632	248.59292674064636	66	73	533	1679.236893748248	772.4914493972526	25	True	1679.24169921875	772.4812622070312	71.66735076904297	61.80229568481445	158.58935546875	0.5063136798589993	68382.0
ht-QQ74-50	SHAPES_DATA	4705.0	4765.0	0.9874081846799581	282.0071402788162	75	84	587	2622.10605738576	767.1345377258236	32	True	2622.1611328125	767.3106079101562	82.64733123779297	71.78301239013672	178.05758666992188	0.49560848835685467	68382.0
ht-QQ74-50	SHAPES_DATA	3806.0	3928.5	0.9688176148657248	267.76449966430664	69	77	551	2073.246978455071	695.4963215974776	22	True	2073.243896484375	695.4756469726562	76.58773803710938	62.9397087097168	158.97975158691406	0.5697778392083479	68382.0
ht-QQ74-50	SHAPES_DATA	4497.0	4581.0	0.9816633922724296	279.5634891986847	79	80	553	3848.2165888370023	621.7502779630865	26	True	3848.111328125	621.8207397460938	77.68640899658203	73.03948974609375	32.638790130615234	0.3406680911354858	68382.0
ht-QQ74-50	SHAPES_DATA	3624.0	3667.0	0.988273793291519	259.4213538169861	73	69	598	619.3101545253863	589.9348785871965	28	True	619.3739624023438	590.0319213867188	78.78829193115234	57.400054931640625	133.24000549316406	0.6850082193386198	68382.0
ht-QQ74-50	SHAPES_DATA	2994.0	3074.0	0.973975276512687	247.76449966430664	61	70	517	2280.5971943887776	465.19171676686705	26	True	2280.37109375	464.9678039550781	70.49588012695312	53.0194206237793	153.80224609375	0.6590575970768459	68382.0
ht-QQ74-50	SHAPES_DATA	2794.0	2843.5	0.9825918762088974	219.86500489711761	60	65	447	1032.4964209019327	453.70293486041516	25	True	1032.5762939453125	453.7450256347656	66.77420806884766	52.016265869140625	149.75680541992188	0.627039592642319	68382.0
ht-QQ74-50	SHAPES_DATA	3847.0	3926.0	0.9798777381558839	264.7939372062683	70	69	557	3926.746295814921	417.96360800623864	25	True	3926.787353515625	418.0611877441406	71.47468566894531	67.93722534179688	130.18984985351562	0.31070158951480664	68382.0
